beadpack_128_59-1-X/processor0	effPorosity= 0.381296 		K_x= 4.63104e-12 m^2 		FF_x= 4.78801 		DarcyVelocity= 1.809e-05 m/s 		DelP= 1 Pa 		K: 4.63104e-12 m^2 			K=( 4.63104e-12  0  0 ) Pmax-Pmin: 1.07218 Umax= 0.000547626		 effPorosity= V_pore/(L_x*L_y*L_z)= 6.39708e-12/(0.000256*0.000256*0.000256)= 0.381296		 Re=rho*VDarcy*sqrt(K)/mu= 1000*1.809e-05*sqrt(4.63104e-12 )/0.001)= 3.89294e-05


x=mag(U)/U_D 	 PDF 	 dV/Vdx 	 PDF(log10(x)) 	 dV/Vd(log10(x))
9.16129e-12 603773 603773 1.27364e-05 1.27364e-05 
1.14854e-11 0 0 0 0 
1.43991e-11 0 0 0 0 
1.80519e-11 0 0 0 0 
2.26314e-11 0 0 0 0 
2.83727e-11 0 0 0 0 
3.55705e-11 0 0 0 0 
4.45943e-11 124037 124037 1.27364e-05 1.27364e-05 
5.59072e-11 98937.7 98937.7 1.27364e-05 1.27364e-05 
7.00901e-11 157835 157835 2.54727e-05 2.54727e-05 
8.78711e-11 62948.3 62948.3 1.27364e-05 1.27364e-05 
1.10163e-10 0 0 0 0 
1.3811e-10 0 0 0 0 
1.73146e-10 0 0 0 0 
2.17071e-10 50963.4 50963.4 2.54727e-05 2.54727e-05 
2.72139e-10 81301.7 81301.7 5.09455e-05 5.09455e-05 
3.41177e-10 97275.1 97275.1 7.64182e-05 7.64182e-05 
4.27729e-10 51727.5 51727.5 5.09455e-05 5.09455e-05 
5.36238e-10 61890.5 61890.5 7.64182e-05 7.64182e-05 
6.72274e-10 49366.8 49366.8 7.64182e-05 7.64182e-05 
8.42821e-10 45940.2 45940.2 8.91546e-05 8.91546e-05 
1.05663e-09 47113.8 47113.8 0.000114627 0.000114627 
1.32469e-09 25053.5 25053.5 7.64182e-05 7.64182e-05 
1.66074e-09 19983.9 19983.9 7.64182e-05 7.64182e-05 
2.08205e-09 26566.8 26566.8 0.000127364 0.000127364 
2.61024e-09 16952.7 16952.7 0.000101891 0.000101891 
3.27242e-09 11832 11832 8.91546e-05 8.91546e-05 
4.10259e-09 17527.3 17527.3 0.000165573 0.000165573 
5.14336e-09 10754.3 10754.3 0.000127364 0.000127364 
6.44816e-09 9435.98 9435.98 0.0001401 0.0001401 
8.08397e-09 4789.65 4789.65 8.91546e-05 8.91546e-05 
1.01348e-08 2728.89 2728.89 6.36818e-05 6.36818e-05 
1.27058e-08 870.678 870.678 2.54727e-05 2.54727e-05 
1.59291e-08 2430.73 2430.73 8.91546e-05 8.91546e-05 
1.99701e-08 1661.88 1661.88 7.64182e-05 7.64182e-05 
2.50362e-08 1325.6 1325.6 7.64182e-05 7.64182e-05 
3.13876e-08 352.453 352.453 2.54727e-05 2.54727e-05 
3.93502e-08 843.401 843.401 7.64182e-05 7.64182e-05 
4.93328e-08 896.982 896.982 0.000101891 0.000101891 
6.18479e-08 626.041 626.041 8.91546e-05 8.91546e-05 
7.75379e-08 499.36 499.36 8.91546e-05 8.91546e-05 
9.72082e-08 113.804 113.804 2.54727e-05 2.54727e-05 
1.21869e-07 226.939 226.939 6.36818e-05 6.36818e-05 
1.52785e-07 325.831 325.831 0.000114627 0.000114627 
1.91544e-07 490.918 490.918 0.000216518 0.000216518 
2.40137e-07 138.205 138.205 7.64182e-05 7.64182e-05 
3.01056e-07 55.1193 55.1193 3.82091e-05 3.82091e-05 
3.7743e-07 161.208 161.208 0.0001401 0.0001401 
4.73179e-07 105.208 105.208 0.000114627 0.000114627 
5.93218e-07 46.6214 46.6214 6.36818e-05 6.36818e-05 
7.43709e-07 44.625 44.625 7.64182e-05 7.64182e-05 
9.32378e-07 35.595 35.595 7.64182e-05 7.64182e-05 
1.16891e-06 37.8564 37.8564 0.000101891 0.000101891 
1.46545e-06 33.9705 33.9705 0.000114627 0.000114627 
1.83721e-06 48.1716 48.1716 0.000203782 0.000203782 
2.30329e-06 36.0225 36.0225 0.000191046 0.000191046 
2.8876e-06 38.311 38.311 0.000254727 0.000254727 
3.62014e-06 22.919 22.919 0.000191046 0.000191046 
4.53852e-06 28.0313 28.0313 0.000292937 0.000292937 
5.68989e-06 20.4148 20.4148 0.000267464 0.000267464 
7.13333e-06 17.0593 17.0593 0.0002802 0.0002802 
8.94296e-06 15.4628 15.4628 0.000318409 0.000318409 
1.12117e-05 15.7874 15.7874 0.000407564 0.000407564 
1.40559e-05 11.0187 11.0187 0.000356618 0.000356618 
1.76217e-05 7.21954 7.21954 0.000292937 0.000292937 
2.20921e-05 7.2609 7.2609 0.000369355 0.000369355 
2.76966e-05 8.3879 8.3879 0.000534928 0.000534928 
3.47228e-05 5.89409 5.89409 0.000471246 0.000471246 
4.35315e-05 5.59086 5.59086 0.0005604 0.0005604 
5.45749e-05 4.35818 4.35818 0.000547664 0.000547664 
6.84198e-05 3.31461 3.31461 0.000522191 0.000522191 
8.5777e-05 3.48219 3.48219 0.000687764 0.000687764 
0.000107537 3.75485 3.75485 0.000929755 0.000929755 
0.000134818 2.99505 2.99505 0.000929755 0.000929755 
0.00016902 2.61808 2.61808 0.00101891 0.00101891 
0.000211898 2.37544 2.37544 0.00115901 0.00115901 
0.000265654 2.26956 2.26956 0.00138826 0.00138826 
0.000333046 2.15908 2.15908 0.00165573 0.00165573 
0.000417536 1.58971 1.58971 0.00152836 0.00152836 
0.000523459 1.4371 1.4371 0.00173215 0.00173215 
0.000656253 1.46659 1.46659 0.00221613 0.00221613 
0.000822735 1.2505 1.2505 0.00236896 0.00236896 
0.00103145 1.21733 1.21733 0.00289116 0.00289116 
0.00129312 1.14637 1.14637 0.00341335 0.00341335 
0.00162116 1.01676 1.01676 0.00379544 0.00379544 
0.00203243 0.846398 0.846398 0.00396101 0.00396101 
0.00254803 0.824914 0.824914 0.00483982 0.00483982 
0.00319443 0.80171 0.80171 0.00589694 0.00589694 
0.00400482 0.71959 0.71959 0.00663565 0.00663565 
0.00502079 0.695165 0.695165 0.00803665 0.00803665 
0.00629449 0.645887 0.645887 0.00936123 0.00936123 
0.00789132 0.625238 0.625238 0.0113608 0.0113608 
0.00989324 0.587617 0.587617 0.0133859 0.0133859 
0.012403 0.558796 0.558796 0.0159587 0.0159587 
0.0155495 0.551728 0.551728 0.0197541 0.0197541 
0.0194942 0.528896 0.528896 0.0237406 0.0237406 
0.0244396 0.515119 0.515119 0.028988 0.028988 
0.0306396 0.476596 0.476596 0.033624 0.033624 
0.0384125 0.453595 0.453595 0.0401196 0.0401196 
0.0481572 0.430955 0.430955 0.0477869 0.0477869 
0.060374 0.424374 0.424374 0.0589949 0.0589949 
0.0756901 0.401933 0.401933 0.07005 0.07005 
0.0948916 0.397953 0.397953 0.0869512 0.0869512 
0.118964 0.384613 0.384613 0.105355 0.105355 
0.149144 0.362973 0.362973 0.124651 0.124651 
0.18698 0.336975 0.336975 0.14508 0.14508 
0.234414 0.319189 0.319189 0.172285 0.172285 
0.293882 0.300073 0.300073 0.203056 0.203056 
0.368435 0.279287 0.279287 0.236935 0.236935 
0.461903 0.262985 0.262985 0.279703 0.279703 
0.579081 0.238043 0.238043 0.317403 0.317403 
0.725986 0.218484 0.218484 0.365228 0.365228 
0.910159 0.19854 0.19854 0.416084 0.416084 
1.14105 0.177339 0.177339 0.465935 0.465935 
1.43052 0.15506 0.15506 0.510754 0.510754 
1.79343 0.137782 0.137782 0.568972 0.568972 
2.2484 0.123771 0.123771 0.640779 0.640779 
2.81878 0.112588 0.112588 0.730749 0.730749 
3.53387 0.0982247 0.0982247 0.799258 0.799258 
4.43037 0.080606 0.080606 0.822285 0.822285 
5.55429 0.0602729 0.0602729 0.770843 0.770843 
6.96334 0.0426161 0.0426161 0.683293 0.683293 
8.72985 0.024702 0.024702 0.49654 0.49654 
10.9445 0.0125405 0.0125405 0.316028 0.316028 
13.721 0.00667665 0.00667665 0.21094 0.21094 
17.2018 0.00372169 0.00372169 0.147411 0.147411 
21.5656 0.00177541 0.00177541 0.0881612 0.0881612 
27.0365 0.000673501 0.000673501 0.0419281 0.0419281 




x=U_x/U_D 	 PDF 	 dV/Vdx
-0.4841 0.000523272 0.000523272 
-0.259449 0.00315077 0.00315077 
-0.0347977 0.0238256 0.0238256 
0.189853 0.634807 0.634807 
0.414505 0.392437 0.392437 
0.639156 0.300776 0.300776 
0.863807 0.258942 0.258942 
1.08846 0.222964 0.222964 
1.31311 0.197496 0.197496 
1.53776 0.178642 0.178642 
1.76241 0.162649 0.162649 
1.98706 0.152807 0.152807 
2.21171 0.138411 0.138411 
2.43636 0.126743 0.126743 
2.66102 0.115949 0.115949 
2.88567 0.106258 0.106258 
3.11032 0.100062 0.100062 
3.33497 0.0969723 0.0969723 
3.55962 0.0932036 0.0932036 
3.78427 0.0861562 0.0861562 
4.00892 0.0805004 0.0805004 
4.23357 0.0734418 0.0734418 
4.45822 0.0673406 0.0673406 
4.68288 0.0614455 0.0614455 
4.90753 0.0550271 0.0550271 
5.13218 0.0489593 0.0489593 
5.35683 0.0455915 0.0455915 
5.58148 0.0390005 0.0390005 
5.80613 0.0344691 0.0344691 
6.03078 0.0321868 0.0321868 
6.25543 0.0308118 0.0308118 
6.48008 0.0296539 0.0296539 
6.70474 0.0277111 0.0277111 
6.92939 0.0247051 0.0247051 
7.15404 0.0237142 0.0237142 
7.37869 0.0225786 0.0225786 
7.60334 0.0204466 0.0204466 
7.82799 0.0193444 0.0193444 
8.05264 0.0181698 0.0181698 
8.27729 0.0166501 0.0166501 
8.50194 0.0155089 0.0155089 
8.7266 0.0136385 0.0136385 
8.95125 0.0130206 0.0130206 
9.1759 0.0125585 0.0125585 
9.40055 0.0117569 0.0117569 
9.6252 0.0112615 0.0112615 
9.84985 0.0103318 0.0103318 
10.0745 0.00908489 0.00908489 
10.2992 0.0096527 0.0096527 
10.5238 0.00851152 0.00851152 
10.7485 0.00803835 0.00803835 
10.9731 0.00752621 0.00752621 
11.1978 0.00767094 0.00767094 
11.4224 0.00727571 0.00727571 
11.6471 0.00691944 0.00691944 
11.8717 0.0063238 0.0063238 
12.0964 0.00608443 0.00608443 
12.321 0.00607329 0.00607329 
12.5457 0.00573372 0.00573372 
12.7703 0.00546652 0.00546652 
12.995 0.00519375 0.00519375 
13.2196 0.00502675 0.00502675 
13.4443 0.00479852 0.00479852 
13.6689 0.00460925 0.00460925 
13.8936 0.00455358 0.00455358 
14.1182 0.00440328 0.00440328 
14.3429 0.00420844 0.00420844 
14.5675 0.00389671 0.00389671 
14.7922 0.00395237 0.00395237 
15.0168 0.00366847 0.00366847 
15.2415 0.00340127 0.00340127 
15.4661 0.00340127 0.00340127 
15.6908 0.00330663 0.00330663 
15.9154 0.00267203 0.00267203 
16.1401 0.00264419 0.00264419 
16.3647 0.00247719 0.00247719 
16.5894 0.00241039 0.00241039 
16.814 0.00218216 0.00218216 
17.0387 0.00206525 0.00206525 
17.2633 0.00207639 0.00207639 
17.488 0.00194279 0.00194279 
17.7126 0.00189825 0.00189825 
17.9373 0.00178135 0.00178135 
18.1619 0.00172012 0.00172012 
18.3866 0.00179805 0.00179805 
18.6112 0.00157538 0.00157538 
18.8359 0.00145848 0.00145848 
19.0605 0.00155868 0.00155868 
19.2852 0.00136941 0.00136941 
19.5098 0.00138611 0.00138611 
19.7345 0.00125808 0.00125808 
19.9592 0.00113004 0.00113004 
20.1838 0.00120241 0.00120241 
20.4085 0.00101314 0.00101314 
20.6331 0.000929643 0.000929643 
20.8578 0.000957476 0.000957476 
21.0824 0.000862842 0.000862842 
21.3071 0.00064574 0.00064574 
21.5317 0.000634606 0.000634606 
21.7564 0.000640173 0.000640173 
21.981 0.000573372 0.000573372 
22.2057 0.00064574 0.00064574 
22.4303 0.000484305 0.000484305 
22.655 0.000495438 0.000495438 
22.8796 0.000523272 0.000523272 
23.1043 0.000462038 0.000462038 
23.3289 0.000389671 0.000389671 
23.5536 0.000378537 0.000378537 
23.7782 0.00037297 0.00037297 
24.0029 0.000317303 0.000317303 
24.2275 0.000334003 0.000334003 
24.4522 0.000384104 0.000384104 
24.6768 0.00032287 0.00032287 
24.9015 0.00028947 0.00028947 
25.1261 0.000222669 0.000222669 
25.3508 0.000256069 0.000256069 
25.5754 0.000211535 0.000211535 
25.8001 0.000233802 0.000233802 
26.0247 0.000200402 0.000200402 
26.2494 0.000150302 0.000150302 
26.474 0.000111334 0.000111334 
26.6987 6.1234e-05 6.1234e-05 
26.9233 5.56672e-05 5.56672e-05 
27.148 6.1234e-05 6.1234e-05 
27.3726 3.34003e-05 3.34003e-05 
27.5973 4.45338e-05 4.45338e-05 
27.8219 3.89671e-05 3.89671e-05 
28.0466 2.22669e-05 2.22669e-05 




x=U_y/U_D 	 PDF 	 dV/Vdx
-11.8369 1.71255e-05 1.71255e-05 
-11.6178 3.4251e-05 3.4251e-05 
-11.3987 2.85425e-05 2.85425e-05 
-11.1796 6.27936e-05 6.27936e-05 
-10.9606 5.70851e-05 5.70851e-05 
-10.7415 4.56681e-05 4.56681e-05 
-10.5224 5.13766e-05 5.13766e-05 
-10.3034 9.13361e-05 9.13361e-05 
-10.0843 0.000188381 0.000188381 
-9.86521 0.000411013 0.000411013 
-9.64614 0.00049664 0.00049664 
-9.42707 0.000599393 0.000599393 
-9.208 0.000713563 0.000713563 
-8.98893 0.00076494 0.00076494 
-8.76986 0.000867693 0.000867693 
-8.55078 0.000976155 0.000976155 
-8.33171 0.00113028 0.00113028 
-8.11264 0.00118166 0.00118166 
-7.89357 0.0014785 0.0014785 
-7.6745 0.0015413 0.0015413 
-7.45543 0.00169543 0.00169543 
-7.23636 0.00176393 0.00176393 
-7.01728 0.00187239 0.00187239 
-6.79821 0.00197514 0.00197514 
-6.57914 0.00235761 0.00235761 
-6.36007 0.00296272 0.00296272 
-6.141 0.00356782 0.00356782 
-5.92193 0.00381899 0.00381899 
-5.70286 0.00403591 0.00403591 
-5.48378 0.00493786 0.00493786 
-5.26471 0.00512624 0.00512624 
-5.04564 0.00603389 0.00603389 
-4.82657 0.00676458 0.00676458 
-4.6075 0.0082545 0.0082545 
-4.38843 0.00866551 0.00866551 
-4.16936 0.00953892 0.00953892 
-3.95029 0.0105151 0.0105151 
-3.73121 0.0117196 0.0117196 
-3.51214 0.0130496 0.0130496 
-3.29307 0.0145909 0.0145909 
-3.074 0.0173082 0.0173082 
-2.85493 0.0197743 0.0197743 
-2.63586 0.0221604 0.0221604 
-2.41679 0.0265046 0.0265046 
-2.19771 0.0300153 0.0300153 
-1.97864 0.034468 0.034468 
-1.75957 0.0457423 0.0457423 
-1.5405 0.0575475 0.0575475 
-1.32143 0.0779097 0.0779097 
-1.10236 0.10204 0.10204 
-0.883286 0.125639 0.125639 
-0.664214 0.16324 0.16324 
-0.445143 0.221793 0.221793 
-0.226072 0.323884 0.323884 
-0.00700029 0.659167 0.659167 
0.212071 0.862356 0.862356 
0.431142 0.377018 0.377018 
0.650214 0.261649 0.261649 
0.869285 0.197166 0.197166 
1.08836 0.159125 0.159125 
1.30743 0.11747 0.11747 
1.5265 0.087226 0.087226 
1.74557 0.0679198 0.0679198 
1.96464 0.0565142 0.0565142 
2.18371 0.0411013 0.0411013 
2.40278 0.0313682 0.0313682 
2.62186 0.0264247 0.0264247 
2.84093 0.0231651 0.0231651 
3.06 0.019055 0.019055 
3.27907 0.0166574 0.0166574 
3.49814 0.0138831 0.0138831 
3.71721 0.0114456 0.0114456 
3.93628 0.0108233 0.0108233 
4.15536 0.0088596 0.0088596 
4.37443 0.0080547 0.0080547 
4.5935 0.00734114 0.00734114 
4.81257 0.00675316 0.00675316 
5.03164 0.00605102 0.00605102 
5.25071 0.00556579 0.00556579 
5.46978 0.00524041 0.00524041 
5.68886 0.00489219 0.00489219 
5.90793 0.0046981 0.0046981 
6.127 0.00446976 0.00446976 
6.34607 0.00392745 0.00392745 
6.56514 0.00380187 0.00380187 
6.78421 0.00361919 0.00361919 
7.00328 0.00344794 0.00344794 
7.22236 0.00317393 0.00317393 
7.44143 0.00291134 0.00291134 
7.6605 0.00308259 0.00308259 
7.87957 0.00254599 0.00254599 
8.09864 0.00222061 0.00222061 
8.31771 0.00226057 0.00226057 
8.53678 0.00199227 0.00199227 
8.75585 0.00188952 0.00188952 
8.97493 0.0019466 0.0019466 
9.194 0.0017468 0.0017468 
9.41307 0.00160409 0.00160409 
9.63214 0.00135862 0.00135862 
9.85121 0.00143284 0.00143284 
10.0703 0.00133579 0.00133579 
10.2894 0.00122733 0.00122733 
10.5084 0.00122162 0.00122162 
10.7275 0.00123304 0.00123304 
10.9466 0.00105037 0.00105037 
11.1656 0.00103324 0.00103324 
11.3847 0.00106749 0.00106749 
11.6038 0.00105037 0.00105037 
11.8229 0.000998989 0.000998989 
12.0419 0.000793483 0.000793483 
12.261 0.000856276 0.000856276 
12.4801 0.00072498 0.00072498 
12.6991 0.000605102 0.000605102 
12.9182 0.000633644 0.000633644 
13.1373 0.000570851 0.000570851 
13.3564 0.000530891 0.000530891 
13.5754 0.000353927 0.000353927 
13.7945 0.000433847 0.000433847 
14.0136 0.000296842 0.000296842 
14.2326 0.000468098 0.000468098 
14.4517 0.000296842 0.000296842 
14.6708 0.000313968 0.000313968 
14.8899 0.00022834 0.00022834 
15.1089 0.000285425 0.000285425 
15.328 0.000199798 0.000199798 
15.5471 0.000194089 0.000194089 
15.7661 0.000159838 0.000159838 
15.9852 0.000125587 0.000125587 




x=U_z/U_D 	 PDF 	 dV/Vdx
-13.3594 5.34899e-06 5.34899e-06 
-13.1256 2.1396e-05 2.1396e-05 
-12.8918 1.6047e-05 1.6047e-05 
-12.6581 2.67449e-05 2.67449e-05 
-12.4243 4.81409e-05 4.81409e-05 
-12.1905 2.67449e-05 2.67449e-05 
-11.9567 6.95369e-05 6.95369e-05 
-11.7229 2.1396e-05 2.1396e-05 
-11.4891 9.62818e-05 9.62818e-05 
-11.2553 9.62818e-05 9.62818e-05 
-11.0215 0.000165819 0.000165819 
-10.7877 0.000246054 0.000246054 
-10.5539 0.000331637 0.000331637 
-10.3201 0.000326288 0.000326288 
-10.0863 0.00042257 0.00042257 
-9.8525 0.000534899 0.000534899 
-9.61871 0.00047606 0.00047606 
-9.38491 0.000566993 0.000566993 
-9.15112 0.000738161 0.000738161 
-8.91732 0.00074351 0.00074351 
-8.68353 0.000941422 0.000941422 
-8.44973 0.000930724 0.000930724 
-8.21593 0.00103236 0.00103236 
-7.98214 0.00125701 0.00125701 
-7.74834 0.00138004 0.00138004 
-7.51455 0.00204331 0.00204331 
-7.28075 0.00359987 0.00359987 
-7.04696 0.00507084 0.00507084 
-6.81316 0.00639739 0.00639739 
-6.57936 0.0076544 0.0076544 
-6.34557 0.00885258 0.00885258 
-6.11177 0.00976191 0.00976191 
-5.87798 0.0128429 0.0128429 
-5.64418 0.0162663 0.0162663 
-5.41039 0.0197966 0.0197966 
-5.17659 0.0228509 0.0228509 
-4.94279 0.0235676 0.0235676 
-4.709 0.0252472 0.0252472 
-4.4752 0.0282159 0.0282159 
-4.24141 0.0317997 0.0317997 
-4.00761 0.0340624 0.0340624 
-3.77382 0.0356457 0.0356457 
-3.54002 0.0377425 0.0377425 
-3.30623 0.0397216 0.0397216 
-3.07243 0.0429684 0.0429684 
-2.83863 0.046333 0.046333 
-2.60484 0.0496814 0.0496814 
-2.37104 0.0547897 0.0547897 
-2.13725 0.0587212 0.0587212 
-1.90345 0.0681461 0.0681461 
-1.66966 0.0769987 0.0769987 
-1.43586 0.0879213 0.0879213 
-1.20206 0.101855 0.101855 
-0.968269 0.122449 0.122449 
-0.734473 0.144936 0.144936 
-0.500678 0.189397 0.189397 
-0.266882 0.288615 0.288615 
-0.0330863 0.544677 0.544677 
0.200709 0.834009 0.834009 
0.434505 0.326984 0.326984 
0.668301 0.204583 0.204583 
0.902096 0.137319 0.137319 
1.13589 0.0987103 0.0987103 
1.36969 0.0683494 0.0683494 
1.60348 0.0470283 0.0470283 
1.83728 0.0395718 0.0395718 
2.07107 0.0317302 0.0317302 
2.30487 0.0288952 0.0288952 
2.53867 0.0251135 0.0251135 
2.77246 0.0222304 0.0222304 
3.00626 0.0210483 0.0210483 
3.24005 0.017657 0.017657 
3.47385 0.0164107 0.0164107 
3.70764 0.0148327 0.0148327 
3.94144 0.012645 0.012645 
4.17524 0.010928 0.010928 
4.40903 0.00880444 0.00880444 
4.64283 0.00792185 0.00792185 
4.87662 0.0066274 0.0066274 
5.11042 0.0055683 0.0055683 
5.34421 0.00497456 0.00497456 
5.57801 0.00401709 0.00401709 
5.8118 0.00325753 0.00325753 
6.0456 0.00259961 0.00259961 
6.2794 0.00209146 0.00209146 
6.51319 0.00167958 0.00167958 
6.74699 0.00151911 0.00151911 
6.98078 0.00147097 0.00147097 
7.21458 0.00120352 0.00120352 
7.44837 0.00095212 0.00095212 
7.68217 0.000834442 0.000834442 
7.91597 0.000764906 0.000764906 
8.14976 0.000556295 0.000556295 
8.38356 0.000433268 0.000433268 
8.61735 0.000518852 0.000518852 
8.85115 0.000406523 0.000406523 
9.08494 0.000374429 0.000374429 
9.31874 0.000353033 0.000353033 
9.55254 0.000267449 0.000267449 
9.78633 0.000283496 0.000283496 
10.0201 0.000294194 0.000294194 
10.2539 0.000246054 0.000246054 
10.4877 0.000197913 0.000197913 
10.7215 0.000149772 0.000149772 
10.9553 0.000155121 0.000155121 
11.1891 0.000133725 0.000133725 
11.4229 0.000117678 0.000117678 
11.6567 9.62818e-05 9.62818e-05 
11.8905 0.000123027 0.000123027 
12.1243 0.000117678 0.000117678 
12.3581 9.62818e-05 9.62818e-05 
12.5919 6.95369e-05 6.95369e-05 
12.8257 0.000101631 0.000101631 
13.0595 9.09328e-05 9.09328e-05 
13.2933 0.000101631 0.000101631 
13.5271 6.41879e-05 6.41879e-05 
13.7609 4.81409e-05 4.81409e-05 
13.9947 4.81409e-05 4.81409e-05 
14.2284 5.88389e-05 5.88389e-05 
14.4622 5.34899e-05 5.34899e-05 
14.696 3.74429e-05 3.74429e-05 
14.9298 4.27919e-05 4.27919e-05 
15.1636 2.1396e-05 2.1396e-05 
15.3974 1.6047e-05 1.6047e-05 
15.6312 2.67449e-05 2.67449e-05 
15.865 2.1396e-05 2.1396e-05 
16.0988 1.0698e-05 1.0698e-05 
16.3326 2.1396e-05 2.1396e-05 




x=mag(U)/U_D 	 PDF 	 dV/Vdx
0.118251 0.260338 0.260338 
0.354754 0.34977 0.34977 
0.591256 0.278861 0.278861 
0.827759 0.235671 0.235671 
1.06426 0.206424 0.206424 
1.30076 0.184099 0.184099 
1.53727 0.162271 0.162271 
1.77377 0.152489 0.152489 
2.01027 0.142304 0.142304 
2.24677 0.134664 0.134664 
2.48328 0.129973 0.129973 
2.71978 0.124093 0.124093 
2.95628 0.117912 0.117912 
3.19278 0.111667 0.111667 
3.42929 0.106903 0.106903 
3.66579 0.101879 0.101879 
3.90229 0.096322 0.096322 
4.13879 0.0889879 0.0889879 
4.3753 0.0814211 0.0814211 
4.6118 0.0763025 0.0763025 
4.8483 0.0720036 0.0720036 
5.0848 0.0665254 0.0665254 
5.32131 0.0637493 0.0637493 
5.55781 0.0606771 0.0606771 
5.79431 0.0579857 0.0579857 
6.03081 0.054665 0.054665 
6.26732 0.0489277 0.0489277 
6.50382 0.0446922 0.0446922 
6.74032 0.0405202 0.0405202 
6.97682 0.0380931 0.0380931 
7.21333 0.0346032 0.0346032 
7.44983 0.0331014 0.0331014 
7.68633 0.0307642 0.0307642 
7.92283 0.0274435 0.0274435 
8.15934 0.0253707 0.0253707 
8.39584 0.0229172 0.0229172 
8.63234 0.0215318 0.0215318 
8.86884 0.0196335 0.0196335 
9.10535 0.0187716 0.0187716 
9.34185 0.0171852 0.0171852 
9.57835 0.0158051 0.0158051 
9.81485 0.0140708 0.0140708 
10.0514 0.0131771 0.0131771 
10.2879 0.0118393 0.0118393 
10.5244 0.0111149 0.0111149 
10.7609 0.0104222 0.0104222 
10.9974 0.00975593 0.00975593 
11.2339 0.00936993 0.00936993 
11.4704 0.0094228 0.0094228 
11.7069 0.00824892 0.00824892 
11.9434 0.00796338 0.00796338 
12.1799 0.00789993 0.00789993 
12.4164 0.0072178 0.0072178 
12.6529 0.00714906 0.00714906 
12.8894 0.00668374 0.00668374 
13.1259 0.00647752 0.00647752 
13.3624 0.00629245 0.00629245 
13.5989 0.0057055 0.0057055 
13.8354 0.00573194 0.00573194 
14.0719 0.00563147 0.00563147 
14.3084 0.00487004 0.00487004 
14.5449 0.00508683 0.00508683 
14.7814 0.00484888 0.00484888 
15.0179 0.00472727 0.00472727 
15.2544 0.00416676 0.00416676 
15.4909 0.0041086 0.0041086 
15.7274 0.00397111 0.00397111 
15.9639 0.00383892 0.00383892 
16.2004 0.00364856 0.00364856 
16.4369 0.00347935 0.00347935 
16.6734 0.00331014 0.00331014 
16.9099 0.00312507 0.00312507 
17.1464 0.0028554 0.0028554 
17.3829 0.00281838 0.00281838 
17.6194 0.00245881 0.00245881 
17.8559 0.0025487 0.0025487 
18.0924 0.00241122 0.00241122 
18.3289 0.00241651 0.00241651 
18.5654 0.00205694 0.00205694 
18.8019 0.00221558 0.00221558 
19.0385 0.00195119 0.00195119 
19.275 0.00205165 0.00205165 
19.5115 0.00209924 0.00209924 
19.748 0.00180313 0.00180313 
19.9845 0.00175554 0.00175554 
20.221 0.00173439 0.00173439 
20.4575 0.00173439 0.00173439 
20.694 0.00178727 0.00178727 
20.9305 0.00162863 0.00162863 
21.167 0.00131137 0.00131137 
21.4035 0.00161806 0.00161806 
21.64 0.00133252 0.00133252 
21.8765 0.00135367 0.00135367 
22.113 0.00134838 0.00134838 
22.3495 0.000957086 0.000957086 
22.586 0.00103111 0.00103111 
22.8225 0.000962374 0.000962374 
23.059 0.00092536 0.00092536 
23.2955 0.000994101 0.000994101 
23.532 0.000867194 0.000867194 
23.7685 0.000708561 0.000708561 
24.005 0.000708561 0.000708561 
24.2415 0.000713849 0.000713849 
24.478 0.000666259 0.000666259 
24.7145 0.000660971 0.000660971 
24.951 0.00063982 0.00063982 
25.1875 0.00059223 0.00059223 
25.424 0.000560504 0.000560504 
25.6605 0.000454748 0.000454748 
25.897 0.000486475 0.000486475 
26.1335 0.000428309 0.000428309 
26.37 0.000343705 0.000343705 
26.6065 0.000338417 0.000338417 
26.843 0.000274964 0.000274964 
27.0795 0.000179784 0.000179784 
27.316 0.000121619 0.000121619 
27.5525 7.93165e-05 7.93165e-05 
27.789 9.51798e-05 9.51798e-05 
28.0255 6.8741e-05 6.8741e-05 
28.262 8.46043e-05 8.46043e-05 
28.4986 6.8741e-05 6.8741e-05 
28.7351 7.93165e-05 7.93165e-05 
28.9716 3.17266e-05 3.17266e-05 
29.2081 4.75899e-05 4.75899e-05 
29.4446 3.70144e-05 3.70144e-05 
29.6811 5.81655e-05 5.81655e-05 
29.9176 2.11511e-05 2.11511e-05 
30.1541 3.17266e-05 3.17266e-05 


