beadpack_128_12-1-X/processor0	effPorosity= 0.360595 		K_x= 5.98971e-12 m^2 		FF_x= 4.54911 		DarcyVelocity= 2.33973e-05 m/s 		DelP= 1 Pa 		K: 5.98971e-12 m^2 			K=( 5.98971e-12  0  0 ) Pmax-Pmin: 1.0284 Umax= 0.000479396		 effPorosity= V_pore/(L_x*L_y*L_z)= 6.04978e-12/(0.000256*0.000256*0.000256)= 0.360595		 Re=rho*VDarcy*sqrt(K)/mu= 1000*2.33973e-05*sqrt(5.98971e-12 )/0.001)= 5.72623e-05


x=mag(U)/U_D 	 PDF 	 dV/Vdx 	 PDF(log10(x)) 	 dV/Vd(log10(x))
3.86602e-11 161546 161546 1.43805e-05 1.43805e-05 
4.7777e-11 0 0 0 0 
5.90438e-11 0 0 0 0 
7.29674e-11 0 0 0 0 
9.01746e-11 0 0 0 0 
1.11439e-10 0 0 0 0 
1.37719e-10 0 0 0 0 
1.70196e-10 36695.3 36695.3 1.43805e-05 1.43805e-05 
2.10331e-10 0 0 0 0 
2.59932e-10 0 0 0 0 
3.21229e-10 0 0 0 0 
3.9698e-10 0 0 0 0 
4.90596e-10 0 0 0 0 
6.06288e-10 0 0 0 0 
7.49263e-10 0 0 0 0 
9.25954e-10 0 0 0 0 
1.14431e-09 0 0 0 0 
1.41416e-09 0 0 0 0 
1.74765e-09 0 0 0 0 
2.15978e-09 2891.68 2891.68 1.43805e-05 1.43805e-05 
2.6691e-09 2339.89 2339.89 1.43805e-05 1.43805e-05 
3.29852e-09 0 0 0 0 
4.07638e-09 0 0 0 0 
5.03767e-09 0 0 0 0 
6.22564e-09 1003.17 1003.17 1.43805e-05 1.43805e-05 
7.69377e-09 2435.24 2435.24 4.31416e-05 4.31416e-05 
9.50811e-09 0 0 0 0 
1.17503e-08 0 0 0 0 
1.45213e-08 0 0 0 0 
1.79457e-08 0 0 0 0 
2.21776e-08 281.608 281.608 1.43805e-05 1.43805e-05 
2.74075e-08 0 0 0 0 
3.38707e-08 0 0 0 0 
4.18581e-08 298.407 298.407 2.8761e-05 2.8761e-05 
5.17291e-08 120.733 120.733 1.43805e-05 1.43805e-05 
6.39278e-08 0 0 0 0 
7.90032e-08 79.0523 79.0523 1.43805e-05 1.43805e-05 
9.76337e-08 0 0 0 0 
1.20658e-07 51.7612 51.7612 1.43805e-05 1.43805e-05 
1.49111e-07 0 0 0 0 
1.84274e-07 0 0 0 0 
2.2773e-07 27.4245 27.4245 1.43805e-05 1.43805e-05 
2.81433e-07 22.1914 22.1914 1.43805e-05 1.43805e-05 
3.478e-07 35.9136 35.9136 2.8761e-05 2.8761e-05 
4.29818e-07 43.5909 43.5909 4.31416e-05 4.31416e-05 
5.31178e-07 35.2729 35.2729 4.31416e-05 4.31416e-05 
6.5644e-07 9.51402 9.51402 1.43805e-05 1.43805e-05 
8.11241e-07 7.69856 7.69856 1.43805e-05 1.43805e-05 
1.00255e-06 6.22952 6.22952 1.43805e-05 1.43805e-05 
1.23897e-06 10.0816 10.0816 2.8761e-05 2.8761e-05 
1.53114e-06 8.15782 8.15782 2.8761e-05 2.8761e-05 
1.89221e-06 6.60114 6.60114 2.8761e-05 2.8761e-05 
2.33843e-06 10.683 10.683 5.75221e-05 5.75221e-05 
2.88988e-06 2.16112 2.16112 1.43805e-05 1.43805e-05 
3.57137e-06 1.74874 1.74874 1.43805e-05 1.43805e-05 
4.41357e-06 0 0 0 0 
5.45437e-06 1.14502 1.14502 1.43805e-05 1.43805e-05 
6.74062e-06 4.63265 4.63265 7.19026e-05 7.19026e-05 
8.33019e-06 4.49837 4.49837 8.62831e-05 8.62831e-05 
1.02946e-05 4.85332 4.85332 0.000115044 0.000115044 
1.27223e-05 0.981802 0.981802 2.8761e-05 2.8761e-05 
1.57224e-05 3.97227 3.97227 0.000143805 0.000143805 
1.94301e-05 1.92857 1.92857 8.62831e-05 8.62831e-05 
2.40121e-05 1.56056 1.56056 8.62831e-05 8.62831e-05 
2.96746e-05 1.89416 1.89416 0.000129425 0.000129425 
3.66725e-05 2.38422 2.38422 0.000201327 0.000201327 
4.53205e-05 1.37805 1.37805 0.000143805 0.000143805 
5.6008e-05 1.89565 1.89565 0.000244469 0.000244469 
6.92158e-05 1.89484 1.89484 0.000301991 0.000301991 
8.55382e-05 1.38724 1.38724 0.00027323 0.00027323 
0.00010571 1.12253 1.12253 0.00027323 0.00027323 
0.000130638 1.62543 1.62543 0.000488938 0.000488938 
0.000161445 0.696316 0.696316 0.000258849 0.000258849 
0.000199517 1.12689 1.12689 0.000517699 0.000517699 
0.000246567 0.937185 0.937185 0.000532079 0.000532079 
0.000304712 0.799343 0.799343 0.00056084 0.00056084 
0.00037657 0.862417 0.862417 0.000747787 0.000747787 
0.000465372 0.751531 0.751531 0.000805309 0.000805309 
0.000575116 0.694998 0.694998 0.000920353 0.000920353 
0.000710739 0.782058 0.782058 0.00127987 0.00127987 
0.000878345 0.583052 0.583052 0.0011792 0.0011792 
0.00108548 0.477548 0.477548 0.00119358 0.00119358 
0.00134145 0.544715 0.544715 0.00168252 0.00168252 
0.00165779 0.433238 0.433238 0.00165376 0.00165376 
0.00204873 0.426778 0.426778 0.00201327 0.00201327 
0.00253186 0.325606 0.325606 0.00189823 0.00189823 
0.00312893 0.327346 0.327346 0.00235841 0.00235841 
0.00386679 0.356945 0.356945 0.0031781 0.0031781 
0.00477865 0.330654 0.330654 0.00363827 0.00363827 
0.00590555 0.319378 0.319378 0.00434292 0.00434292 
0.0072982 0.298654 0.298654 0.0050188 0.0050188 
0.00901925 0.292214 0.292214 0.00606858 0.00606858 
0.0111462 0.3177 0.3177 0.00815376 0.00815376 
0.0137746 0.28428 0.28428 0.00901659 0.00901659 
0.017023 0.312948 0.312948 0.0122666 0.0122666 
0.0210373 0.325668 0.325668 0.0157754 0.0157754 
0.0259983 0.285865 0.285865 0.0171128 0.0171128 
0.0321292 0.288853 0.288853 0.0213695 0.0213695 
0.039706 0.302942 0.302942 0.0276969 0.0276969 
0.0490694 0.292991 0.292991 0.033104 0.033104 
0.0606409 0.305261 0.305261 0.0426239 0.0426239 
0.0749412 0.304097 0.304097 0.0524745 0.0524745 
0.0926138 0.294285 0.294285 0.0627566 0.0627566 
0.114454 0.287076 0.287076 0.0756559 0.0756559 
0.141444 0.280027 0.280027 0.0912013 0.0912013 
0.1748 0.285937 0.285937 0.115087 0.115087 
0.216021 0.289573 0.289573 0.144035 0.144035 
0.266963 0.280146 0.280146 0.172207 0.172207 
0.329918 0.272234 0.272234 0.206806 0.206806 
0.407719 0.254644 0.254644 0.239062 0.239062 
0.503867 0.243659 0.243659 0.282692 0.282692 
0.622688 0.221265 0.221265 0.317249 0.317249 
0.769531 0.200055 0.200055 0.35448 0.35448 
0.951001 0.183152 0.183152 0.401058 0.401058 
1.17527 0.167105 0.167105 0.45221 0.45221 
1.45242 0.153033 0.153033 0.511788 0.511788 
1.79492 0.136409 0.136409 0.563774 0.563774 
2.2182 0.125921 0.125921 0.643155 0.643155 
2.7413 0.116239 0.116239 0.733709 0.733709 
3.38775 0.101906 0.101906 0.794927 0.794927 
4.18664 0.0880216 0.0880216 0.848537 0.848537 
5.17394 0.075199 0.075199 0.895878 0.895878 
6.39405 0.0561748 0.0561748 0.827053 0.827053 
7.90189 0.0372144 0.0372144 0.677107 0.677107 
9.76531 0.0237112 0.0237112 0.533158 0.533158 
12.0682 0.0120595 0.0120595 0.335109 0.335109 
14.9141 0.00551965 0.00551965 0.18955 0.18955 
18.4311 0.00292055 0.00292055 0.123946 0.123946 




x=U_x/U_D 	 PDF 	 dV/Vdx
-0.495915 0.00093412 0.00093412 
-0.333118 0.00403702 0.00403702 
-0.170322 0.00971485 0.00971485 
-0.00752498 0.0456744 0.0456744 
0.155272 0.544551 0.544551 
0.318068 0.389796 0.389796 
0.480865 0.323604 0.323604 
0.643661 0.279838 0.279838 
0.806458 0.247493 0.247493 
0.969254 0.220233 0.220233 
1.13205 0.199284 0.199284 
1.29485 0.183851 0.183851 
1.45764 0.171586 0.171586 
1.62044 0.16222 0.16222 
1.78324 0.154479 0.154479 
1.94603 0.144829 0.144829 
2.10883 0.139639 0.139639 
2.27163 0.13392 0.13392 
2.43442 0.130159 0.130159 
2.59722 0.126009 0.126009 
2.76002 0.118544 0.118544 
2.92281 0.115027 0.115027 
3.08561 0.115157 0.115157 
3.24841 0.108122 0.108122 
3.4112 0.105028 0.105028 
3.574 0.101973 0.101973 
3.7368 0.0979689 0.0979689 
3.89959 0.0953452 0.0953452 
4.06239 0.0892694 0.0892694 
4.22519 0.0860447 0.0860447 
4.38798 0.08243 0.08243 
4.55078 0.0778406 0.0778406 
4.71358 0.0747702 0.0747702 
4.87637 0.0708632 0.0708632 
5.03917 0.0672729 0.0672729 
5.20196 0.0638613 0.0638613 
5.36476 0.0623586 0.0623586 
5.52756 0.056494 0.056494 
5.69035 0.0564777 0.0564777 
5.85315 0.0533911 0.0533911 
6.01595 0.0503288 0.0503288 
6.17874 0.0476645 0.0476645 
6.34154 0.043928 0.043928 
6.50434 0.0414506 0.0414506 
6.66713 0.0385345 0.0385345 
6.82993 0.036317 0.036317 
6.99273 0.0341807 0.0341807 
7.15552 0.0327673 0.0327673 
7.31832 0.0313133 0.0313133 
7.48112 0.0294613 0.0294613 
7.64391 0.0279018 0.0279018 
7.80671 0.0259848 0.0259848 
7.96951 0.0235642 0.0235642 
8.1323 0.0217853 0.0217853 
8.2951 0.0202826 0.0202826 
8.4579 0.0169685 0.0169685 
8.62069 0.015482 0.015482 
8.78349 0.0147104 0.0147104 
8.94629 0.0143286 0.0143286 
9.10908 0.0126959 0.0126959 
9.27188 0.0120705 0.0120705 
9.43468 0.0108277 0.0108277 
9.59747 0.0107383 0.0107383 
9.76027 0.00989355 0.00989355 
9.92306 0.00999102 0.00999102 
10.0859 0.00949553 0.00949553 
10.2487 0.00849643 0.00849643 
10.4115 0.00888633 0.00888633 
10.5743 0.00876448 0.00876448 
10.737 0.00809842 0.00809842 
10.8998 0.00778975 0.00778975 
11.0626 0.00767603 0.00767603 
11.2254 0.00717242 0.00717242 
11.3882 0.00705058 0.00705058 
11.551 0.00709931 0.00709931 
11.7138 0.00693686 0.00693686 
11.8766 0.00655509 0.00655509 
12.0394 0.00692061 0.00692061 
12.2022 0.00611646 0.00611646 
12.365 0.00627079 0.00627079 
12.5278 0.0057753 0.0057753 
12.6906 0.00579967 0.00579967 
12.8534 0.00579967 0.00579967 
13.0162 0.00545039 0.00545039 
13.179 0.00538541 0.00538541 
13.3418 0.00498739 0.00498739 
13.5046 0.00452439 0.00452439 
13.6674 0.00423197 0.00423197 
13.8302 0.00409388 0.00409388 
13.993 0.00406951 0.00406951 
14.1558 0.00368774 0.00368774 
14.3186 0.00322475 0.00322475 
14.4814 0.00328973 0.00328973 
14.6442 0.00323287 0.00323287 
14.807 0.00255055 0.00255055 
14.9698 0.00258305 0.00258305 
15.1326 0.00236373 0.00236373 
15.2954 0.00194947 0.00194947 
15.4581 0.00173015 0.00173015 
15.6209 0.00165705 0.00165705 
15.7837 0.00166517 0.00166517 
15.9465 0.00126715 0.00126715 
16.1093 0.0012834 0.0012834 
16.2721 0.00112907 0.00112907 
16.4349 0.000869138 0.000869138 
16.5977 0.000625454 0.000625454 
16.7605 0.000430508 0.000430508 
16.9233 0.000527981 0.000527981 
17.0861 0.000414262 0.000414262 
17.2489 0.000284297 0.000284297 
17.4117 0.000259929 0.000259929 
17.5745 0.000113719 0.000113719 
17.7373 8.93506e-05 8.93506e-05 
17.9001 6.49823e-05 6.49823e-05 
18.0629 4.87367e-05 4.87367e-05 
18.2257 9.74734e-05 9.74734e-05 
18.3885 6.49823e-05 6.49823e-05 
18.5513 6.49823e-05 6.49823e-05 
18.7141 4.06139e-05 4.06139e-05 
18.8769 4.06139e-05 4.06139e-05 
19.0397 8.12278e-05 8.12278e-05 
19.2025 3.24911e-05 3.24911e-05 
19.3653 1.62456e-05 1.62456e-05 
19.5281 1.62456e-05 1.62456e-05 
19.6909 7.31051e-05 7.31051e-05 
19.8537 8.12278e-06 8.12278e-06 
20.0165 1.62456e-05 1.62456e-05 
20.1792 3.24911e-05 3.24911e-05 




x=U_y/U_D 	 PDF 	 dV/Vdx
-14.0497 6.26434e-05 6.26434e-05 
-13.8597 0.00018793 0.00018793 
-13.6697 0.000264494 0.000264494 
-13.4797 0.000341058 0.000341058 
-13.2898 0.000354979 0.000354979 
-13.0998 0.000417622 0.000417622 
-12.9098 0.000487226 0.000487226 
-12.7198 0.000515068 0.000515068 
-12.5298 0.000515068 0.000515068 
-12.3398 0.000591632 0.000591632 
-12.1498 0.000661235 0.000661235 
-11.9599 0.000626434 0.000626434 
-11.7699 0.000696037 0.000696037 
-11.5799 0.000709958 0.000709958 
-11.3899 0.000786522 0.000786522 
-11.1999 0.000807403 0.000807403 
-11.0099 0.000877007 0.000877007 
-10.82 0.000814364 0.000814364 
-10.63 0.000765641 0.000765641 
-10.44 0.00100229 0.00100229 
-10.25 0.00111366 0.00111366 
-10.06 0.00102317 0.00102317 
-9.87004 0.00109974 0.00109974 
-9.68005 0.000960531 0.000960531 
-9.49007 0.00105102 0.00105102 
-9.30008 0.00121807 0.00121807 
-9.1101 0.00153824 0.00153824 
-8.92011 0.00183754 0.00183754 
-8.73013 0.00198371 0.00198371 
-8.54015 0.0021786 0.0021786 
-8.35016 0.00230388 0.00230388 
-8.16018 0.00270759 0.00270759 
-7.97019 0.0026867 0.0026867 
-7.78021 0.00288855 0.00288855 
-7.59023 0.00320873 0.00320873 
-7.40024 0.00357763 0.00357763 
-7.21026 0.00364028 0.00364028 
-7.02027 0.00414142 0.00414142 
-6.83029 0.00480962 0.00480962 
-6.6403 0.00478178 0.00478178 
-6.45032 0.00542909 0.00542909 
-6.26034 0.00614601 0.00614601 
-6.07035 0.00721095 0.00721095 
-5.88037 0.00738496 0.00738496 
-5.69038 0.00840813 0.00840813 
-5.5004 0.00917377 0.00917377 
-5.31041 0.00980717 0.00980717 
-5.12043 0.0105728 0.0105728 
-4.93045 0.0111436 0.0111436 
-4.74046 0.0119162 0.0119162 
-4.55048 0.0137815 0.0137815 
-4.36049 0.0144706 0.0144706 
-4.17051 0.0160297 0.0160297 
-3.98052 0.0173801 0.0173801 
-3.79054 0.0189461 0.0189461 
-3.60056 0.0203452 0.0203452 
-3.41057 0.0222732 0.0222732 
-3.22059 0.0250713 0.0250713 
-3.0306 0.0278763 0.0278763 
-2.84062 0.0318507 0.0318507 
-2.65063 0.0372867 0.0372867 
-2.46065 0.0422982 0.0422982 
-2.27067 0.0472192 0.0472192 
-2.08068 0.0536784 0.0536784 
-1.8907 0.0616898 0.0616898 
-1.70071 0.0707035 0.0707035 
-1.51073 0.0800373 0.0800373 
-1.32074 0.0914802 0.0914802 
-1.13076 0.109146 0.109146 
-0.940776 0.127417 0.127417 
-0.750792 0.151611 0.151611 
-0.560808 0.185605 0.185605 
-0.370823 0.231572 0.231572 
-0.180839 0.31605 0.31605 
0.00914512 0.695432 0.695432 
0.199129 0.587678 0.587678 
0.389114 0.338037 0.338037 
0.579098 0.244184 0.244184 
0.769082 0.195204 0.195204 
0.959066 0.165253 0.165253 
1.14905 0.144066 0.144066 
1.33903 0.116872 0.116872 
1.52902 0.0977932 0.0977932 
1.719 0.0847356 0.0847356 
1.90899 0.07236 0.07236 
2.09897 0.0638962 0.0638962 
2.28896 0.0547085 0.0547085 
2.47894 0.0496623 0.0496623 
2.66892 0.0440661 0.0440661 
2.85891 0.0398133 0.0398133 
3.04889 0.0348227 0.0348227 
3.23888 0.0310641 0.0310641 
3.42886 0.0288299 0.0288299 
3.61885 0.0254471 0.0254471 
3.80883 0.0229832 0.0229832 
3.99881 0.0201224 0.0201224 
4.1888 0.0167397 0.0167397 
4.37878 0.0150553 0.0150553 
4.56877 0.0122572 0.0122572 
4.75875 0.0104893 0.0104893 
4.94874 0.00865174 0.00865174 
5.13872 0.00776082 0.00776082 
5.3287 0.00723879 0.00723879 
5.51869 0.0060068 0.0060068 
5.70867 0.00589544 0.00589544 
5.89866 0.00503931 0.00503931 
6.08864 0.0049001 0.0049001 
6.27863 0.00452424 0.00452424 
6.46861 0.00411358 0.00411358 
6.65859 0.00387693 0.00387693 
6.84858 0.00350107 0.00350107 
7.03856 0.00334794 0.00334794 
7.22855 0.00311825 0.00311825 
7.41853 0.00288159 0.00288159 
7.60852 0.0026171 0.0026171 
7.7985 0.00253358 0.00253358 
7.98848 0.00215076 0.00215076 
8.17847 0.00215076 0.00215076 
8.36845 0.00169137 0.00169137 
8.55844 0.00164265 0.00164265 
8.74842 0.00146864 0.00146864 
8.93841 0.00128071 0.00128071 
9.12839 0.00109278 0.00109278 
9.31837 0.00101621 0.00101621 
9.50836 0.000709958 0.000709958 
9.69834 0.000612513 0.000612513 
9.88833 0.000501147 0.000501147 
10.0783 0.000452424 0.000452424 




x=U_z/U_D 	 PDF 	 dV/Vdx
-10.3636 1.65522e-05 1.65522e-05 
-10.2038 4.13804e-05 4.13804e-05 
-10.0441 4.96565e-05 4.96565e-05 
-9.88427 5.79326e-05 5.79326e-05 
-9.72449 7.44847e-05 7.44847e-05 
-9.56471 0.000165522 0.000165522 
-9.40493 0.000132417 0.000132417 
-9.24515 0.000430356 0.000430356 
-9.08537 0.00108417 0.00108417 
-8.92558 0.00140693 0.00140693 
-8.7658 0.00182901 0.00182901 
-8.60602 0.00201936 0.00201936 
-8.44624 0.00251593 0.00251593 
-8.28646 0.00312008 0.00312008 
-8.12668 0.0032525 0.0032525 
-7.9669 0.00359182 0.00359182 
-7.80712 0.00424563 0.00424563 
-7.64734 0.00420425 0.00420425 
-7.48756 0.00487461 0.00487461 
-7.32777 0.00495737 0.00495737 
-7.16799 0.00530497 0.00530497 
-7.00821 0.00608292 0.00608292 
-6.84843 0.00596706 0.00596706 
-6.68865 0.00655466 0.00655466 
-6.52887 0.00697674 0.00697674 
-6.36909 0.00787883 0.00787883 
-6.20931 0.00817677 0.00817677 
-6.04953 0.00836712 0.00836712 
-5.88974 0.00894644 0.00894644 
-5.72996 0.0099313 0.0099313 
-5.57018 0.010072 0.010072 
-5.4104 0.0110072 0.0110072 
-5.25062 0.0129438 0.0129438 
-5.09084 0.0131341 0.0131341 
-4.93106 0.0138707 0.0138707 
-4.77128 0.0146073 0.0146073 
-4.6115 0.0155094 0.0155094 
-4.45171 0.0165439 0.0165439 
-4.29193 0.016668 0.016668 
-4.13215 0.0183729 0.0183729 
-3.97237 0.0196309 0.0196309 
-3.81259 0.0207978 0.0207978 
-3.65281 0.0218985 0.0218985 
-3.49303 0.0222792 0.0222792 
-3.33325 0.0252007 0.0252007 
-3.17347 0.0278821 0.0278821 
-3.01369 0.0298932 0.0298932 
-2.8539 0.0336092 0.0336092 
-2.69412 0.0375817 0.0375817 
-2.53434 0.0401307 0.0401307 
-2.37456 0.0448812 0.0448812 
-2.21478 0.0491351 0.0491351 
-2.055 0.0541339 0.0541339 
-1.89522 0.0631465 0.0631465 
-1.73544 0.0667632 0.0667632 
-1.57566 0.076711 0.076711 
-1.41587 0.0856409 0.0856409 
-1.25609 0.0958619 0.0958619 
-1.09631 0.11109 0.11109 
-0.936531 0.129397 0.129397 
-0.77675 0.156716 0.156716 
-0.616969 0.195705 0.195705 
-0.457188 0.237954 0.237954 
-0.297407 0.301531 0.301531 
-0.137626 0.410394 0.410394 
0.0221551 0.881775 0.881775 
0.181936 0.633129 0.633129 
0.341717 0.368468 0.368468 
0.501498 0.265075 0.265075 
0.661279 0.206157 0.206157 
0.82106 0.16908 0.16908 
0.980842 0.142572 0.142572 
1.14062 0.119747 0.119747 
1.3004 0.104825 0.104825 
1.46018 0.0903996 0.0903996 
1.61997 0.0800545 0.0800545 
1.77975 0.0692791 0.0692791 
1.93953 0.0600099 0.0600099 
2.09931 0.0506827 0.0506827 
2.25909 0.0450136 0.0450136 
2.41887 0.0382024 0.0382024 
2.57865 0.0326905 0.0326905 
2.73843 0.0297277 0.0297277 
2.89821 0.027129 0.027129 
3.058 0.0239841 0.0239841 
3.21778 0.0219068 0.0219068 
3.37756 0.0197798 0.0197798 
3.53734 0.0179674 0.0179674 
3.69712 0.0164777 0.0164777 
3.8569 0.0141521 0.0141521 
4.01668 0.0120417 0.0120417 
4.17646 0.010221 0.010221 
4.33624 0.0093768 0.0093768 
4.49603 0.0079947 0.0079947 
4.65581 0.00722502 0.00722502 
4.81559 0.00677811 0.00677811 
4.97537 0.00680294 0.00680294 
5.13515 0.00605809 0.00605809 
5.29493 0.00558636 0.00558636 
5.45471 0.0057105 0.0057105 
5.61449 0.0045684 0.0045684 
5.77427 0.00421253 0.00421253 
5.93405 0.00412149 0.00412149 
6.09384 0.00341802 0.00341802 
6.25362 0.00303732 0.00303732 
6.4134 0.00292146 0.00292146 
6.57318 0.00254903 0.00254903 
6.73296 0.00220144 0.00220144 
6.89274 0.00221799 0.00221799 
7.05252 0.00186212 0.00186212 
7.2123 0.00161384 0.00161384 
7.37208 0.00115865 0.00115865 
7.53187 0.000794504 0.000794504 
7.69165 0.000595878 0.000595878 
7.85143 0.000471737 0.000471737 
8.01121 0.000463461 0.000463461 
8.17099 0.000405528 0.000405528 
8.33077 0.000430356 0.000430356 
8.49055 0.000364148 0.000364148 
8.65033 0.000405528 0.000405528 
8.81011 0.000306215 0.000306215 
8.9699 0.000198626 0.000198626 
9.12968 0.000331043 0.000331043 
9.28946 0.000240006 0.000240006 
9.44924 0.000182074 0.000182074 
9.60902 0.00019035 0.00019035 
9.7688 0.000132417 0.000132417 
9.92858 0.000140693 0.000140693 




x=mag(U)/U_D 	 PDF 	 dV/Vdx
0.0800366 0.1732 0.1732 
0.24011 0.317792 0.317792 
0.400183 0.294289 0.294289 
0.560256 0.26355 0.26355 
0.720329 0.232191 0.232191 
0.880403 0.209242 0.209242 
1.04048 0.19367 0.19367 
1.20055 0.181172 0.181172 
1.36062 0.172564 0.172564 
1.5207 0.160478 0.160478 
1.68077 0.152448 0.152448 
1.84084 0.145385 0.145385 
2.00092 0.142502 0.142502 
2.16099 0.137454 0.137454 
2.32106 0.133778 0.133778 
2.48113 0.130317 0.130317 
2.64121 0.128136 0.128136 
2.80128 0.122419 0.122419 
2.96135 0.117537 0.117537 
3.12143 0.113266 0.113266 
3.2815 0.108995 0.108995 
3.44157 0.107161 0.107161 
3.60165 0.104543 0.104543 
3.76172 0.0986856 0.0986856 
3.92179 0.0954886 0.0954886 
4.08187 0.0946708 0.0946708 
4.24194 0.0904412 0.0904412 
4.40201 0.089516 0.089516 
4.56209 0.0868807 0.0868807 
4.72216 0.0831302 0.0831302 
4.88223 0.0819159 0.0819159 
5.04231 0.0779589 0.0779589 
5.20238 0.0762901 0.0762901 
5.36245 0.0714657 0.0714657 
5.52253 0.0682522 0.0682522 
5.6826 0.0655261 0.0655261 
5.84267 0.0625356 0.0625356 
6.00275 0.0584629 0.0584629 
6.16282 0.057166 0.057166 
6.32289 0.0558442 0.0558442 
6.48296 0.0514742 0.0514742 
6.64304 0.0477485 0.0477485 
6.80311 0.0445184 0.0445184 
6.96318 0.0437006 0.0437006 
7.12326 0.0426019 0.0426019 
7.28333 0.0397766 0.0397766 
7.4434 0.0387688 0.0387688 
7.60348 0.0369761 0.0369761 
7.76355 0.03577 0.03577 
7.92362 0.0352992 0.0352992 
8.0837 0.0317552 0.0317552 
8.24377 0.0312265 0.0312265 
8.40384 0.0298304 0.0298304 
8.56392 0.0290786 0.0290786 
8.72399 0.0278891 0.0278891 
8.88406 0.026873 0.026873 
9.04414 0.0255925 0.0255925 
9.20421 0.0238577 0.0238577 
9.36428 0.0225359 0.0225359 
9.52436 0.0219659 0.0219659 
9.68443 0.0210325 0.0210325 
9.8445 0.0193555 0.0193555 
10.0046 0.0190581 0.0190581 
10.1646 0.0177941 0.0177941 
10.3247 0.0170011 0.0170011 
10.4848 0.016332 0.016332 
10.6449 0.0159106 0.0159106 
10.8049 0.0144237 0.0144237 
10.965 0.0134571 0.0134571 
11.1251 0.0121023 0.0121023 
11.2852 0.0107393 0.0107393 
11.4452 0.0104914 0.0104914 
11.6053 0.010161 0.010161 
11.7654 0.00911186 0.00911186 
11.9255 0.00930186 0.00930186 
12.0855 0.00800489 0.00800489 
12.2456 0.00761662 0.00761662 
12.4057 0.00793054 0.00793054 
12.5657 0.00736053 0.00736053 
12.7258 0.00689792 0.00689792 
12.8859 0.00660878 0.00660878 
13.046 0.00690618 0.00690618 
13.206 0.00641052 0.00641052 
13.3661 0.00598921 0.00598921 
13.5262 0.00621226 0.00621226 
13.6863 0.00578268 0.00578268 
13.8463 0.00585703 0.00585703 
14.0064 0.00560094 0.00560094 
14.1665 0.00544398 0.00544398 
14.3266 0.00529529 0.00529529 
14.4866 0.00504746 0.00504746 
14.6467 0.00487398 0.00487398 
14.8068 0.00497311 0.00497311 
14.9668 0.00488224 0.00488224 
15.1269 0.0045518 0.0045518 
15.287 0.00438658 0.00438658 
15.4471 0.00446093 0.00446093 
15.6071 0.00407266 0.00407266 
15.7672 0.00398179 0.00398179 
15.9273 0.00342005 0.00342005 
16.0874 0.00341178 0.00341178 
16.2474 0.00325483 0.00325483 
16.4075 0.00343657 0.00343657 
16.5676 0.00314743 0.00314743 
16.7276 0.00299874 0.00299874 
16.8877 0.00282525 0.00282525 
17.0478 0.00249482 0.00249482 
17.2079 0.00253612 0.00253612 
17.3679 0.00236264 0.00236264 
17.528 0.00213959 0.00213959 
17.6881 0.00200742 0.00200742 
17.8482 0.00205698 0.00205698 
18.0082 0.00164393 0.00164393 
18.1683 0.00142915 0.00142915 
18.3284 0.00134654 0.00134654 
18.4885 0.00144567 0.00144567 
18.6485 0.00130523 0.00130523 
18.8086 0.000983056 0.000983056 
18.9687 0.000916969 0.000916969 
19.1287 0.000950013 0.000950013 
19.2888 0.000718705 0.000718705 
19.4489 0.000603051 0.000603051 
19.609 0.0003387 0.0003387 
19.769 0.000206524 0.000206524 
19.9291 0.000115654 0.000115654 
20.0892 2.47829e-05 2.47829e-05 
20.2493 8.26098e-06 8.26098e-06 
20.4093 3.30439e-05 3.30439e-05 


