ketton_desp_128_57-1-Y/processor0	effPorosity= 0.120055 		K_y= 5.78239e-14 m^2 		FF_y= 57.0706 		DarcyVelocity= 2.25875e-07 m/s 		DelP= 1 Pa 		K: 5.78239e-14 m^2 			K=( 0  5.78239e-14  0 ) Pmax-Pmin: 1.00184 Umax= 0.00011477		 effPorosity= V_pore/(L_x*L_y*L_z)= 2.01419e-12/(0.000256*0.000256*0.000256)= 0.120055		 Re=rho*VDarcy*sqrt(K)/mu= 1000*2.25875e-07*sqrt(5.78239e-14 )/0.001)= 5.43151e-08


x=mag(U)/U_D 	 PDF 	 dV/Vdx 	 PDF(log10(x)) 	 dV/Vd(log10(x))
1.78641e-12 8.51758e+06 8.51758e+06 3.50358e-05 3.50358e-05 
2.31923e-12 1.31214e+07 1.31214e+07 7.00716e-05 7.00716e-05 
3.01099e-12 1.01069e+07 1.01069e+07 7.00716e-05 7.00716e-05 
3.90907e-12 7.78489e+06 7.78489e+06 7.00716e-05 7.00716e-05 
5.07503e-12 2.99818e+06 2.99818e+06 3.50358e-05 3.50358e-05 
6.58875e-12 6.92811e+06 6.92811e+06 0.000105107 0.000105107 
8.55396e-12 7.11523e+06 7.11523e+06 0.000140143 0.000140143 
1.11053e-11 2.74028e+06 2.74028e+06 7.00716e-05 7.00716e-05 
1.44177e-11 1.05536e+07 1.05536e+07 0.000350358 0.000350358 
1.87181e-11 1.21934e+07 1.21934e+07 0.000525537 0.000525537 
2.43011e-11 6.26139e+06 6.26139e+06 0.000350358 0.000350358 
3.15493e-11 2.89373e+06 2.89373e+06 0.000210215 0.000210215 
4.09595e-11 7.4297e+06 7.4297e+06 0.000700716 0.000700716 
5.31764e-11 5.1505e+06 5.1505e+06 0.000630644 0.000630644 
6.90373e-11 8.15482e+06 8.15482e+06 0.00129632 0.00129632 
8.96289e-11 4.24412e+06 4.24412e+06 0.000875895 0.000875895 
1.16362e-10 5.88431e+06 5.88431e+06 0.00157661 0.00157661 
1.5107e-10 3.72667e+06 3.72667e+06 0.00129632 0.00129632 
1.96129e-10 4.34453e+06 4.34453e+06 0.001962 0.001962 
2.54628e-10 3.94397e+06 3.94397e+06 0.00231236 0.00231236 
3.30576e-10 2.99184e+06 2.99184e+06 0.00227733 0.00227733 
4.29176e-10 3.68718e+06 3.68718e+06 0.00364372 0.00364372 
5.57186e-10 3.14046e+06 3.14046e+06 0.00402912 0.00402912 
7.23377e-10 3.32345e+06 3.32345e+06 0.00553565 0.00553565 
9.39137e-10 2.70572e+06 2.70572e+06 0.00585098 0.00585098 
1.21925e-09 3.03256e+06 3.03256e+06 0.0085137 0.0085137 
1.58292e-09 2.79725e+06 2.79725e+06 0.0101954 0.0101954 
2.05505e-09 2.39153e+06 2.39153e+06 0.0113166 0.0113166 
2.66801e-09 1.71092e+06 1.71092e+06 0.0105107 0.0105107 
3.46379e-09 1.53749e+06 1.53749e+06 0.0122625 0.0122625 
4.49693e-09 1.21471e+06 1.21471e+06 0.0125778 0.0125778 
5.83823e-09 930429 930429 0.0125078 0.0125078 
7.57959e-09 809013 809013 0.0141194 0.0141194 
9.84034e-09 567482 567482 0.0128581 0.0128581 
1.27754e-08 472838 472838 0.0139092 0.0139092 
1.65859e-08 440350 440350 0.0168172 0.0168172 
2.1533e-08 273466 273466 0.0135588 0.0135588 
2.79556e-08 236765 236765 0.0152406 0.0152406 
3.62938e-08 192851 192851 0.0161165 0.0161165 
4.71191e-08 148545 148545 0.0161165 0.0161165 
6.11733e-08 111930 111930 0.0157661 0.0157661 
7.94194e-08 89088.7 89088.7 0.0162916 0.0162916 
1.03108e-07 75261.9 75261.9 0.0178683 0.0178683 
1.33861e-07 62745.1 62745.1 0.0193398 0.0193398 
1.73788e-07 50431.1 50431.1 0.0201806 0.0201806 
2.25624e-07 41137.8 41137.8 0.0213718 0.0213718 
2.9292e-07 28777.7 28777.7 0.0194098 0.0194098 
3.80289e-07 15764.4 15764.4 0.0138041 0.0138041 
4.93717e-07 9985.34 9985.34 0.0113516 0.0113516 
6.40978e-07 5720.98 5720.98 0.00844362 0.00844362 
8.32161e-07 4059.21 4059.21 0.00777794 0.00777794 
1.08037e-06 2014 2014 0.00501012 0.00501012 
1.40261e-06 1518.76 1518.76 0.00490501 0.00490501 
1.82096e-06 1019.42 1019.42 0.00427437 0.00427437 
2.3641e-06 759.474 759.474 0.00413422 0.00413422 
3.06923e-06 599.862 599.862 0.00423933 0.00423933 
3.98469e-06 412.406 412.406 0.00378386 0.00378386 
5.1732e-06 347.072 347.072 0.00413422 0.00413422 
6.7162e-06 285.459 285.459 0.00441451 0.00441451 
8.71943e-06 242.562 242.562 0.00486997 0.00486997 
1.13202e-05 162.641 162.641 0.00423933 0.00423933 
1.46966e-05 107.674 107.674 0.00364372 0.00364372 
1.90802e-05 120.418 120.418 0.0052904 0.0052904 
2.47712e-05 68.7967 68.7967 0.00392401 0.00392401 
3.21596e-05 57.7225 57.7225 0.00427437 0.00427437 
4.17518e-05 52.8431 52.8431 0.00508019 0.00508019 
5.42051e-05 41.5449 41.5449 0.0051853 0.0051853 
7.03728e-05 33.2976 33.2976 0.00539551 0.00539551 
9.13627e-05 24.8149 24.8149 0.00522033 0.00522033 
0.000118613 17.4462 17.4462 0.00476487 0.00476487 
0.000153992 17.3904 17.3904 0.0061663 0.0061663 
0.000199923 14.4606 14.4606 0.0066568 0.0066568 
0.000259554 10.4935 10.4935 0.00627141 0.00627141 
0.00033697 10.0695 10.0695 0.00781298 0.00781298 
0.000437478 7.40831 7.40831 0.00746262 0.00746262 
0.000567964 7.79594 7.79594 0.0101954 0.0101954 
0.00073737 4.95247 4.95247 0.00840859 0.00840859 
0.000957304 4.51403 4.51403 0.00995016 0.00995016 
0.00124284 4.01565 4.01565 0.0114917 0.0114917 
0.00161354 3.33826 3.33826 0.0124027 0.0124027 
0.00209481 2.99261 2.99261 0.0144347 0.0144347 
0.00271962 2.2827 2.2827 0.0142946 0.0142946 
0.0035308 1.93495 1.93495 0.0157311 0.0157311 
0.00458392 1.67961 1.67961 0.0177281 0.0177281 
0.00595116 1.42413 1.42413 0.0195149 0.0195149 
0.00772621 1.04968 1.04968 0.0186741 0.0186741 
0.0100307 1.00269 1.00269 0.0231587 0.0231587 
0.0130225 0.944087 0.944087 0.0283089 0.0283089 
0.0169067 0.761389 0.761389 0.0296403 0.0296403 
0.0219495 0.652321 0.652321 0.0329687 0.0329687 
0.0284963 0.632206 0.632206 0.0414824 0.0414824 
0.0369959 0.496832 0.496832 0.0423232 0.0423232 
0.0480306 0.424505 0.424505 0.046948 0.046948 
0.0623566 0.378221 0.378221 0.0543055 0.0543055 
0.0809557 0.332489 0.332489 0.0619783 0.0619783 
0.105102 0.272316 0.272316 0.0659023 0.0659023 
0.136451 0.239638 0.239638 0.0752919 0.0752919 
0.17715 0.207516 0.207516 0.0846465 0.0846465 
0.229988 0.176976 0.176976 0.0937207 0.0937207 
0.298586 0.144165 0.144165 0.0991162 0.0991162 
0.387645 0.126431 0.126431 0.11285 0.11285 
0.503268 0.110717 0.110717 0.128301 0.128301 
0.653377 0.103841 0.103841 0.156225 0.156225 
0.848258 0.0930072 0.0930072 0.181661 0.181661 
1.10127 0.0842679 0.0842679 0.213683 0.213683 
1.42974 0.0727833 0.0727833 0.23961 0.23961 
1.85619 0.0650707 0.0650707 0.278114 0.278114 
2.40983 0.0575465 0.0575465 0.319316 0.319316 
3.12861 0.0485616 0.0485616 0.349832 0.349832 
4.06177 0.0429229 0.0429229 0.40144 0.40144 
5.27327 0.0370667 0.0370667 0.45007 0.45007 
6.84612 0.0300067 0.0300067 0.473018 0.473018 
8.8881 0.022904 0.022904 0.468744 0.468744 
11.5391 0.017067 0.017067 0.453468 0.453468 
14.9809 0.0135005 0.0135005 0.465696 0.465696 
19.4492 0.0105952 0.0105952 0.47449 0.47449 
25.2503 0.00845206 0.00845206 0.491412 0.491412 
32.7817 0.0062067 0.0062067 0.468499 0.468499 
42.5595 0.00434386 0.00434386 0.425685 0.425685 
55.2536 0.00227052 0.00227052 0.28887 0.28887 
71.7341 0.00122814 0.00122814 0.202857 0.202857 
93.1301 0.000576251 0.000576251 0.123571 0.123571 
120.908 0.000310967 0.000310967 0.0865734 0.0865734 
156.971 0.000153544 0.000153544 0.0554967 0.0554967 
203.79 7.34696e-05 7.34696e-05 0.0344752 0.0344752 
264.575 2.63974e-05 2.63974e-05 0.0160814 0.0160814 
343.489 4.03111e-06 4.03111e-06 0.00318826 0.00318826 
445.941 1.8084e-06 1.8084e-06 0.0018569 0.0018569 




x=U_x/U_D 	 PDF 	 dV/Vdx
-238.04 9.80741e-07 9.80741e-07 
-233.99 0 0 
-229.94 0 0 
-225.89 0 0 
-221.84 9.80741e-07 9.80741e-07 
-217.791 0 0 
-213.741 0 0 
-209.691 9.80741e-07 9.80741e-07 
-205.641 0 0 
-201.591 9.80741e-07 9.80741e-07 
-197.542 0 0 
-193.492 0 0 
-189.442 2.94222e-06 2.94222e-06 
-185.392 2.94222e-06 2.94222e-06 
-181.342 1.96148e-06 1.96148e-06 
-177.292 3.92296e-06 3.92296e-06 
-173.243 2.94222e-06 2.94222e-06 
-169.193 9.80741e-07 9.80741e-07 
-165.143 2.94222e-06 2.94222e-06 
-161.093 2.94222e-06 2.94222e-06 
-157.043 1.96148e-06 1.96148e-06 
-152.994 9.80741e-07 9.80741e-07 
-148.944 5.88445e-06 5.88445e-06 
-144.894 2.94222e-06 2.94222e-06 
-140.844 1.17689e-05 1.17689e-05 
-136.794 9.80741e-06 9.80741e-06 
-132.745 1.07881e-05 1.07881e-05 
-128.695 1.07881e-05 1.07881e-05 
-124.645 1.76533e-05 1.76533e-05 
-120.595 1.66726e-05 1.66726e-05 
-116.545 1.47111e-05 1.47111e-05 
-112.495 2.35378e-05 2.35378e-05 
-108.446 1.86341e-05 1.86341e-05 
-104.396 3.13837e-05 3.13837e-05 
-100.346 3.13837e-05 3.13837e-05 
-96.2962 3.72682e-05 3.72682e-05 
-92.2464 4.21719e-05 4.21719e-05 
-88.1966 5.98252e-05 5.98252e-05 
-84.1468 9.31704e-05 9.31704e-05 
-80.097 0.000103959 0.000103959 
-76.0472 0.000120631 0.000120631 
-71.9973 0.000107881 0.000107881 
-67.9475 0.000151034 0.000151034 
-63.8977 0.000200071 0.000200071 
-59.8479 0.000243224 0.000243224 
-55.7981 0.000279511 0.000279511 
-51.7483 0.00034424 0.00034424 
-47.6985 0.00043643 0.00043643 
-43.6487 0.000634539 0.000634539 
-39.5988 0.000838533 0.000838533 
-35.549 0.00107881 0.00107881 
-31.4992 0.00137304 0.00137304 
-27.4494 0.00181339 0.00181339 
-23.3996 0.00264408 0.00264408 
-19.3498 0.00385823 0.00385823 
-15.3 0.0052401 0.0052401 
-11.2502 0.00768116 0.00768116 
-7.20035 0.0123524 0.0123524 
-3.15054 0.0232043 0.0232043 
0.899269 0.124442 0.124442 
4.94908 0.0296194 0.0296194 
8.99889 0.00951123 0.00951123 
13.0487 0.00541859 0.00541859 
17.0985 0.00357186 0.00357186 
21.1483 0.00259112 0.00259112 
25.1981 0.00189479 0.00189479 
29.248 0.00117689 0.00117689 
33.2978 0.000963088 0.000963088 
37.3476 0.000744382 0.000744382 
41.3974 0.000587464 0.000587464 
45.4472 0.00046389 0.00046389 
49.497 0.000346202 0.000346202 
53.5468 0.00027853 0.00027853 
57.5966 0.000249108 0.000249108 
61.6464 0.000190264 0.000190264 
65.6963 0.00017163 0.00017163 
69.7461 0.000157899 0.000157899 
73.7959 0.00014613 0.00014613 
77.8457 0.000116708 0.000116708 
81.8955 0.000115727 0.000115727 
85.9453 0.000100036 0.000100036 
89.9951 8.04208e-05 8.04208e-05 
94.0449 7.64978e-05 7.64978e-05 
98.0948 7.74785e-05 7.74785e-05 
102.145 6.08059e-05 6.08059e-05 
106.194 5.49215e-05 5.49215e-05 
110.244 5.88445e-05 5.88445e-05 
114.294 5.00178e-05 5.00178e-05 
118.344 4.02104e-05 4.02104e-05 
122.394 4.80563e-05 4.80563e-05 
126.443 4.02104e-05 4.02104e-05 
130.493 3.53067e-05 3.53067e-05 
134.543 3.72682e-05 3.72682e-05 
138.593 2.15763e-05 2.15763e-05 
142.643 1.66726e-05 1.66726e-05 
146.692 1.56919e-05 1.56919e-05 
150.742 1.37304e-05 1.37304e-05 
154.792 1.07881e-05 1.07881e-05 
158.842 2.2557e-05 2.2557e-05 
162.892 1.37304e-05 1.37304e-05 
166.942 1.07881e-05 1.07881e-05 
170.991 8.82667e-06 8.82667e-06 
175.041 1.56919e-05 1.56919e-05 
179.091 4.9037e-06 4.9037e-06 
183.141 1.07881e-05 1.07881e-05 
187.191 8.82667e-06 8.82667e-06 
191.24 4.9037e-06 4.9037e-06 
195.29 4.9037e-06 4.9037e-06 
199.34 3.92296e-06 3.92296e-06 
203.39 2.94222e-06 2.94222e-06 
207.44 2.94222e-06 2.94222e-06 
211.489 3.92296e-06 3.92296e-06 
215.539 2.94222e-06 2.94222e-06 
219.589 4.9037e-06 4.9037e-06 
223.639 4.9037e-06 4.9037e-06 
227.689 3.92296e-06 3.92296e-06 
231.739 9.80741e-07 9.80741e-07 
235.788 1.96148e-06 1.96148e-06 
239.838 2.94222e-06 2.94222e-06 
243.888 1.96148e-06 1.96148e-06 
247.938 2.94222e-06 2.94222e-06 
251.988 9.80741e-07 9.80741e-07 
256.037 1.96148e-06 1.96148e-06 
260.087 2.94222e-06 2.94222e-06 
264.137 9.80741e-07 9.80741e-07 
268.187 0 0 
272.237 9.80741e-07 9.80741e-07 
276.286 1.96148e-06 1.96148e-06 




x=U_y/U_D 	 PDF 	 dV/Vdx
-63.4711 9.92998e-07 9.92998e-07 
-59.4713 1.986e-06 1.986e-06 
-55.4715 1.986e-06 1.986e-06 
-51.4717 9.92998e-07 9.92998e-07 
-47.4719 1.986e-06 1.986e-06 
-43.472 3.97199e-06 3.97199e-06 
-39.4722 1.6881e-05 1.6881e-05 
-35.4724 1.3902e-05 1.3902e-05 
-31.4726 2.68109e-05 2.68109e-05 
-27.4727 4.26989e-05 4.26989e-05 
-23.4729 7.84468e-05 7.84468e-05 
-19.4731 0.000110223 0.000110223 
-15.4733 0.000185691 0.000185691 
-11.4734 0.000355493 0.000355493 
-7.47361 0.000939376 0.000939376 
-3.47378 0.00199692 0.00199692 
0.526044 0.076716 0.076716 
4.52587 0.0685675 0.0685675 
8.52569 0.0276738 0.0276738 
12.5255 0.0163934 0.0163934 
16.5253 0.0115982 0.0115982 
20.5252 0.00905812 0.00905812 
24.525 0.00755572 0.00755572 
28.5248 0.00584081 0.00584081 
32.5246 0.00451119 0.00451119 
36.5245 0.00328384 0.00328384 
40.5243 0.00252023 0.00252023 
44.5241 0.00197507 0.00197507 
48.5239 0.00154014 0.00154014 
52.5238 0.00125217 0.00125217 
56.5236 0.000974131 0.000974131 
60.5234 0.000852985 0.000852985 
64.5232 0.00071893 0.00071893 
68.5231 0.000594806 0.000594806 
72.5229 0.000514373 0.000514373 
76.5227 0.00046373 0.00046373 
80.5225 0.000397199 0.000397199 
84.5224 0.000319745 0.000319745 
88.5222 0.000330668 0.000330668 
92.522 0.000273074 0.000273074 
96.5218 0.000242291 0.000242291 
100.522 0.000226403 0.000226403 
104.521 0.000190656 0.000190656 
108.521 0.000164838 0.000164838 
112.521 0.000142992 0.000142992 
116.521 0.000125118 0.000125118 
120.521 0.000110223 0.000110223 
124.521 0.000107244 0.000107244 
128.52 9.03628e-05 9.03628e-05 
132.52 8.73838e-05 8.73838e-05 
136.52 6.95098e-05 6.95098e-05 
140.52 6.35518e-05 6.35518e-05 
144.52 7.54678e-05 7.54678e-05 
148.52 5.26289e-05 5.26289e-05 
152.519 4.56779e-05 4.56779e-05 
156.519 3.87269e-05 3.87269e-05 
160.519 4.26989e-05 4.26989e-05 
164.519 2.68109e-05 2.68109e-05 
168.519 3.27689e-05 3.27689e-05 
172.519 3.17759e-05 3.17759e-05 
176.518 2.87969e-05 2.87969e-05 
180.518 2.58179e-05 2.58179e-05 
184.518 3.07829e-05 3.07829e-05 
188.518 2.18459e-05 2.18459e-05 
192.518 2.08529e-05 2.08529e-05 
196.517 1.5888e-05 1.5888e-05 
200.517 1.3902e-05 1.3902e-05 
204.517 1.1916e-05 1.1916e-05 
208.517 2.08529e-05 2.08529e-05 
212.517 9.92998e-06 9.92998e-06 
216.517 1.1916e-05 1.1916e-05 
220.516 1.4895e-05 1.4895e-05 
224.516 7.94398e-06 7.94398e-06 
228.516 7.94398e-06 7.94398e-06 
232.516 4.96499e-06 4.96499e-06 
236.516 6.95098e-06 6.95098e-06 
240.516 3.97199e-06 3.97199e-06 
244.515 3.97199e-06 3.97199e-06 
248.515 2.97899e-06 2.97899e-06 
252.515 1.986e-06 1.986e-06 
256.515 3.97199e-06 3.97199e-06 
260.515 5.95799e-06 5.95799e-06 
264.514 3.97199e-06 3.97199e-06 
268.514 3.97199e-06 3.97199e-06 
272.514 2.97899e-06 2.97899e-06 
276.514 9.92998e-07 9.92998e-07 
280.514 0 0 
284.514 9.92998e-07 9.92998e-07 
288.513 2.97899e-06 2.97899e-06 
292.513 1.986e-06 1.986e-06 
296.513 9.92998e-07 9.92998e-07 
300.513 9.92998e-07 9.92998e-07 
304.513 2.97899e-06 2.97899e-06 
308.513 0 0 
312.512 2.97899e-06 2.97899e-06 
316.512 1.986e-06 1.986e-06 
320.512 1.986e-06 1.986e-06 
324.512 2.97899e-06 2.97899e-06 
328.512 2.97899e-06 2.97899e-06 
332.511 9.92998e-07 9.92998e-07 
336.511 1.986e-06 1.986e-06 
340.511 0 0 
344.511 1.986e-06 1.986e-06 
348.511 0 0 
352.511 1.986e-06 1.986e-06 
356.51 9.92998e-07 9.92998e-07 
360.51 9.92998e-07 9.92998e-07 
364.51 9.92998e-07 9.92998e-07 
368.51 9.92998e-07 9.92998e-07 
372.51 1.986e-06 1.986e-06 
376.51 9.92998e-07 9.92998e-07 
380.509 9.92998e-07 9.92998e-07 
384.509 0 0 
388.509 2.97899e-06 2.97899e-06 
392.509 9.92998e-07 9.92998e-07 
396.509 0 0 
400.509 9.92998e-07 9.92998e-07 
404.508 0 0 
408.508 9.92998e-07 9.92998e-07 
412.508 0 0 
416.508 1.986e-06 1.986e-06 
420.508 0 0 
424.507 9.92998e-07 9.92998e-07 
428.507 9.92998e-07 9.92998e-07 
432.507 0 0 
436.507 0 0 
440.507 0 0 
444.507 9.92998e-07 9.92998e-07 




x=U_z/U_D 	 PDF 	 dV/Vdx
-172.536 9.75501e-07 9.75501e-07 
-168.465 0 0 
-164.393 0 0 
-160.321 0 0 
-156.25 9.75501e-07 9.75501e-07 
-152.178 1.951e-06 1.951e-06 
-148.107 0 0 
-144.035 0 0 
-139.964 0 0 
-135.892 0 0 
-131.82 0 0 
-127.749 1.951e-06 1.951e-06 
-123.677 2.9265e-06 2.9265e-06 
-119.606 9.75501e-07 9.75501e-07 
-115.534 3.902e-06 3.902e-06 
-111.463 3.902e-06 3.902e-06 
-107.391 6.82851e-06 6.82851e-06 
-103.319 5.853e-06 5.853e-06 
-99.2479 1.1706e-05 1.1706e-05 
-95.1764 9.75501e-06 9.75501e-06 
-91.1048 2.04855e-05 2.04855e-05 
-87.0332 1.5608e-05 1.5608e-05 
-82.9617 3.21915e-05 3.21915e-05 
-78.8901 4.19465e-05 4.19465e-05 
-74.8185 6.24321e-05 6.24321e-05 
-70.747 8.38931e-05 8.38931e-05 
-66.6754 0.000105354 0.000105354 
-62.6038 0.000142423 0.000142423 
-58.5323 0.000159982 0.000159982 
-54.4607 0.000217537 0.000217537 
-50.3891 0.000276067 0.000276067 
-46.3176 0.00033167 0.00033167 
-42.246 0.000401906 0.000401906 
-38.1744 0.000461412 0.000461412 
-34.1029 0.000626272 0.000626272 
-30.0313 0.00133644 0.00133644 
-25.9597 0.00194417 0.00194417 
-21.8882 0.00247094 0.00247094 
-17.8166 0.00334792 0.00334792 
-13.745 0.00472923 0.00472923 
-9.67348 0.00739722 0.00739722 
-5.60191 0.0120991 0.0120991 
-1.53035 0.0310229 0.0310229 
2.54122 0.131895 0.131895 
6.61278 0.0199012 0.0199012 
10.6844 0.00794741 0.00794741 
14.7559 0.00469216 0.00469216 
18.8275 0.0030182 0.0030182 
22.899 0.00212562 0.00212562 
26.9706 0.00147496 0.00147496 
31.0422 0.00109646 0.00109646 
35.1137 0.000838931 0.000838931 
39.1853 0.000689679 0.000689679 
43.2569 0.000539452 0.000539452 
47.3284 0.000442877 0.000442877 
51.4 0.000405808 0.000405808 
55.4716 0.000302405 0.000302405 
59.5431 0.000258508 0.000258508 
63.6147 0.000219488 0.000219488 
67.6863 0.000201929 0.000201929 
71.7578 0.000174615 0.000174615 
75.8294 0.000172664 0.000172664 
79.901 0.000137546 0.000137546 
83.9725 0.000137546 0.000137546 
88.0441 0.000118036 0.000118036 
92.1157 0.000129742 0.000129742 
96.1872 0.000103403 0.000103403 
100.259 0.000107305 0.000107305 
104.33 8.87706e-05 8.87706e-05 
108.402 7.60891e-05 7.60891e-05 
112.474 6.53586e-05 6.53586e-05 
116.545 6.53586e-05 6.53586e-05 
120.617 6.53586e-05 6.53586e-05 
124.688 4.38975e-05 4.38975e-05 
128.76 4.38975e-05 4.38975e-05 
132.831 5.36525e-05 5.36525e-05 
136.903 4.58485e-05 4.58485e-05 
140.974 4.58485e-05 4.58485e-05 
145.046 3.60935e-05 3.60935e-05 
149.118 3.99955e-05 3.99955e-05 
153.189 3.02405e-05 3.02405e-05 
157.261 2.63385e-05 2.63385e-05 
161.332 2.1461e-05 2.1461e-05 
165.404 2.24365e-05 2.24365e-05 
169.475 2.7314e-05 2.7314e-05 
173.547 2.1461e-05 2.1461e-05 
177.619 1.7559e-05 1.7559e-05 
181.69 2.5363e-05 2.5363e-05 
185.762 1.85345e-05 1.85345e-05 
189.833 2.1461e-05 2.1461e-05 
193.905 1.951e-05 1.951e-05 
197.976 1.65835e-05 1.65835e-05 
202.048 1.46325e-05 1.46325e-05 
206.12 1.46325e-05 1.46325e-05 
210.191 1.65835e-05 1.65835e-05 
214.263 1.5608e-05 1.5608e-05 
218.334 1.07305e-05 1.07305e-05 
222.406 9.75501e-06 9.75501e-06 
226.477 5.853e-06 5.853e-06 
230.549 1.07305e-05 1.07305e-05 
234.62 8.77951e-06 8.77951e-06 
238.692 5.853e-06 5.853e-06 
242.764 3.902e-06 3.902e-06 
246.835 2.9265e-06 2.9265e-06 
250.907 5.853e-06 5.853e-06 
254.978 4.8775e-06 4.8775e-06 
259.05 4.8775e-06 4.8775e-06 
263.121 2.9265e-06 2.9265e-06 
267.193 2.9265e-06 2.9265e-06 
271.265 9.75501e-07 9.75501e-07 
275.336 1.951e-06 1.951e-06 
279.408 1.951e-06 1.951e-06 
283.479 0 0 
287.551 1.951e-06 1.951e-06 
291.622 0 0 
295.694 1.951e-06 1.951e-06 
299.766 2.9265e-06 2.9265e-06 
303.837 0 0 
307.909 0 0 
311.98 0 0 
316.052 0 0 
320.123 0 0 
324.195 0 0 
328.267 9.75501e-07 9.75501e-07 
332.338 9.75501e-07 9.75501e-07 
336.41 9.75501e-07 9.75501e-07 
340.481 0 0 
344.553 1.951e-06 1.951e-06 




x=mag(U)/U_D 	 PDF 	 dV/Vdx
1.98481 0.0812178 0.0812178 
5.95444 0.0473701 0.0473701 
9.92406 0.0262795 0.0262795 
13.8937 0.0169303 0.0169303 
17.8633 0.0128701 0.0128701 
21.8329 0.0106709 0.0106709 
25.8026 0.00895694 0.00895694 
29.7722 0.00737407 0.00737407 
33.7418 0.00629947 0.00629947 
37.7114 0.00549503 0.00549503 
41.6811 0.00439742 0.00439742 
45.6507 0.00342089 0.00342089 
49.6203 0.00258643 0.00258643 
53.5899 0.00229527 0.00229527 
57.5596 0.00187003 0.00187003 
61.5292 0.00161789 0.00161789 
65.4988 0.00135875 0.00135875 
69.4685 0.00112562 0.00112562 
73.4381 0.000992547 0.000992547 
77.4077 0.00085147 0.00085147 
81.3773 0.000692382 0.000692382 
85.347 0.000577318 0.000577318 
89.3166 0.000563311 0.000563311 
93.2862 0.00047226 0.00047226 
97.2558 0.00045325 0.00045325 
101.225 0.000439242 0.000439242 
105.195 0.000358198 0.000358198 
109.165 0.000369204 0.000369204 
113.134 0.000319176 0.000319176 
117.104 0.000275152 0.000275152 
121.074 0.000248137 0.000248137 
125.043 0.000250138 0.000250138 
129.013 0.000224124 0.000224124 
132.982 0.000211116 0.000211116 
136.952 0.0001821 0.0001821 
140.922 0.000160088 0.000160088 
144.891 0.000139077 0.000139077 
148.861 0.000146081 0.000146081 
152.831 0.00012707 0.00012707 
156.8 0.000132073 0.000132073 
160.77 0.000113062 0.000113062 
164.739 0.000112062 0.000112062 
168.709 9.70535e-05 9.70535e-05 
172.679 8.40463e-05 8.40463e-05 
176.648 0.000100055 0.000100055 
180.618 8.30458e-05 8.30458e-05 
184.588 8.30458e-05 8.30458e-05 
188.557 8.60474e-05 8.60474e-05 
192.527 6.90381e-05 6.90381e-05 
196.496 6.10337e-05 6.10337e-05 
200.466 6.20342e-05 6.20342e-05 
204.436 4.40243e-05 4.40243e-05 
208.405 4.40243e-05 4.40243e-05 
212.375 4.20232e-05 4.20232e-05 
216.345 5.00276e-05 5.00276e-05 
220.314 4.00221e-05 4.00221e-05 
224.284 3.70204e-05 3.70204e-05 
228.253 3.60199e-05 3.60199e-05 
232.223 4.00221e-05 4.00221e-05 
236.193 3.8021e-05 3.8021e-05 
240.162 2.30127e-05 2.30127e-05 
244.132 1.80099e-05 1.80099e-05 
248.102 1.50083e-05 1.50083e-05 
252.071 1.70094e-05 1.70094e-05 
256.041 1.70094e-05 1.70094e-05 
260.01 2.0011e-05 2.0011e-05 
263.98 1.50083e-05 1.50083e-05 
267.95 8.00441e-06 8.00441e-06 
271.919 9.00497e-06 9.00497e-06 
275.889 9.00497e-06 9.00497e-06 
279.859 8.00441e-06 8.00441e-06 
283.828 4.00221e-06 4.00221e-06 
287.798 8.00441e-06 8.00441e-06 
291.767 4.00221e-06 4.00221e-06 
295.737 1.00055e-06 1.00055e-06 
299.707 4.00221e-06 4.00221e-06 
303.676 1.00055e-05 1.00055e-05 
307.646 4.00221e-06 4.00221e-06 
311.616 1.00055e-06 1.00055e-06 
315.585 2.0011e-06 2.0011e-06 
319.555 4.00221e-06 4.00221e-06 
323.525 1.00055e-06 1.00055e-06 
327.494 3.00166e-06 3.00166e-06 
331.464 5.00276e-06 5.00276e-06 
335.433 1.00055e-06 1.00055e-06 
339.403 3.00166e-06 3.00166e-06 
343.373 4.00221e-06 4.00221e-06 
347.342 0 0 
351.312 1.00055e-06 1.00055e-06 
355.282 2.0011e-06 2.0011e-06 
359.251 5.00276e-06 5.00276e-06 
363.221 0 0 
367.19 4.00221e-06 4.00221e-06 
371.16 1.00055e-06 1.00055e-06 
375.13 5.00276e-06 5.00276e-06 
379.099 2.0011e-06 2.0011e-06 
383.069 1.00055e-06 1.00055e-06 
387.039 2.0011e-06 2.0011e-06 
391.008 1.00055e-06 1.00055e-06 
394.978 1.00055e-06 1.00055e-06 
398.947 0 0 
402.917 3.00166e-06 3.00166e-06 
406.887 0 0 
410.856 2.0011e-06 2.0011e-06 
414.826 3.00166e-06 3.00166e-06 
418.796 2.0011e-06 2.0011e-06 
422.765 2.0011e-06 2.0011e-06 
426.735 2.0011e-06 2.0011e-06 
430.704 0 0 
434.674 0 0 
438.644 0 0 
442.613 2.0011e-06 2.0011e-06 
446.583 0 0 
450.553 1.00055e-06 1.00055e-06 
454.522 2.0011e-06 2.0011e-06 
458.492 1.00055e-06 1.00055e-06 
462.461 1.00055e-06 1.00055e-06 
466.431 1.00055e-06 1.00055e-06 
470.401 0 0 
474.37 0 0 
478.34 1.00055e-06 1.00055e-06 
482.31 1.00055e-06 1.00055e-06 
486.279 0 0 
490.249 0 0 
494.218 2.0011e-06 2.0011e-06 
498.188 0 0 
502.158 0 0 
506.127 2.0011e-06 2.0011e-06 


