ketton_desp_128_45-1-X/processor0	effPorosity= 0.09831 		K_x= 3.52841e-14 m^2 		FF_x= 73.8619 		DarcyVelocity= 1.37829e-07 m/s 		DelP= 1 Pa 		K: 3.52841e-14 m^2 			K=( 3.52841e-14  0  0 ) Pmax-Pmin: 1.00288 Umax= 0.000105079		 effPorosity= V_pore/(L_x*L_y*L_z)= 1.64937e-12/(0.000256*0.000256*0.000256)= 0.09831		 Re=rho*VDarcy*sqrt(K)/mu= 1000*1.37829e-07*sqrt(3.52841e-14 )/0.001)= 2.58898e-08


x=mag(U)/U_D 	 PDF 	 dV/Vdx 	 PDF(log10(x)) 	 dV/Vd(log10(x))
9.2448e-13 1.94764e+07 1.94764e+07 4.14593e-05 4.14593e-05 
1.21029e-12 0 0 0 0 
1.58445e-12 1.13639e+07 1.13639e+07 4.14593e-05 4.14593e-05 
2.07429e-12 0 0 0 0 
2.71556e-12 0 0 0 0 
3.55508e-12 0 0 0 0 
4.65415e-12 1.16061e+07 1.16061e+07 0.000124378 0.000124378 
6.09299e-12 5.91025e+06 5.91025e+06 8.29186e-05 8.29186e-05 
7.97666e-12 4.51456e+06 4.51456e+06 8.29186e-05 8.29186e-05 
1.04427e-11 8.62114e+06 8.62114e+06 0.000207297 0.000207297 
1.36711e-11 1.31706e+06 1.31706e+06 4.14593e-05 4.14593e-05 
1.78975e-11 5.03019e+06 5.03019e+06 0.000207297 0.000207297 
2.34306e-11 3.07386e+06 3.07386e+06 0.000165837 0.000165837 
3.06742e-11 5.86993e+06 5.86993e+06 0.000414593 0.000414593 
4.01572e-11 1.34513e+06 1.34513e+06 0.000124378 0.000124378 
5.25719e-11 3.42494e+06 3.42494e+06 0.000414593 0.000414593 
6.88247e-11 3.6626e+06 3.6626e+06 0.00058043 0.00058043 
9.01021e-11 3.79686e+06 3.79686e+06 0.000787727 0.000787727 
1.17957e-10 3.05289e+06 3.05289e+06 0.000829186 0.000829186 
1.54424e-10 2.68175e+06 2.68175e+06 0.000953564 0.000953564 
2.02165e-10 2.67191e+06 2.67191e+06 0.00124378 0.00124378 
2.64665e-10 2.85732e+06 2.85732e+06 0.00174129 0.00174129 
3.46487e-10 2.4424e+06 2.4424e+06 0.00194859 0.00194859 
4.53605e-10 2.06411e+06 2.06411e+06 0.00215588 0.00215588 
5.93838e-10 2.27405e+06 2.27405e+06 0.00310945 0.00310945 
7.77425e-10 1.52859e+06 1.52859e+06 0.00273631 0.00273631 
1.01777e-09 1.29146e+06 1.29146e+06 0.00302653 0.00302653 
1.33241e-09 1.17567e+06 1.17567e+06 0.00360696 0.00360696 
1.74433e-09 1.14578e+06 1.14578e+06 0.00460198 0.00460198 
2.2836e-09 1.0329e+06 1.0329e+06 0.00543117 0.00543117 
2.98958e-09 897392 897392 0.00617744 0.00617744 
3.91382e-09 731481 731481 0.00659203 0.00659203 
5.12379e-09 643082 643082 0.00758705 0.00758705 
6.70782e-09 566379 566379 0.00874792 0.00874792 
8.78157e-09 469537 469537 0.00949418 0.00949418 
1.14964e-08 399378 399378 0.0105721 0.0105721 
1.50506e-08 358901 358901 0.0124378 0.0124378 
1.97035e-08 275061 275061 0.0124793 0.0124793 
2.57949e-08 216389 216389 0.0128524 0.0128524 
3.37695e-08 155692 155692 0.0121061 0.0121061 
4.42094e-08 115260 115260 0.011733 0.011733 
5.78769e-08 83064 83064 0.0110696 0.0110696 
7.57697e-08 73191.7 73191.7 0.0127695 0.0127695 
9.91941e-08 47013.3 47013.3 0.010738 0.010738 
1.2986e-07 35079.3 35079.3 0.0104892 0.0104892 
1.70007e-07 25630.4 25630.4 0.0100332 0.0100332 
2.22565e-07 17069.9 17069.9 0.00874792 0.00874792 
2.91372e-07 12173.8 12173.8 0.00816749 0.00816749 
3.8145e-07 8590.92 8590.92 0.0075456 0.0075456 
4.99377e-07 5516.57 5516.57 0.00634328 0.00634328 
6.53761e-07 4764.68 4764.68 0.00717246 0.00717246 
8.55873e-07 3260.84 3260.84 0.00642619 0.00642619 
1.12047e-06 2892.54 2892.54 0.00746268 0.00746268 
1.46686e-06 2295.4 2295.4 0.00775289 0.00775289 
1.92035e-06 1631.46 1631.46 0.00721392 0.00721392 
2.51403e-06 1475.38 1475.38 0.00854062 0.00854062 
3.29125e-06 1083.2 1083.2 0.00820894 0.00820894 
4.30875e-06 1027.99 1027.99 0.010199 0.010199 
5.64082e-06 734.162 734.162 0.00953564 0.00953564 
7.38469e-06 580.298 580.298 0.00986732 0.00986732 
9.6677e-06 456.299 456.299 0.0101575 0.0101575 
1.26565e-05 423.945 423.945 0.0123549 0.0123549 
1.65693e-05 344.478 344.478 0.0131426 0.0131426 
2.16917e-05 233.248 233.248 0.0116501 0.0116501 
2.83978e-05 173.095 173.095 0.0113184 0.0113184 
3.71771e-05 133.672 133.672 0.0114428 0.0114428 
4.86705e-05 95.8166 95.8166 0.010738 0.010738 
6.37171e-05 74.0375 74.0375 0.0108623 0.0108623 
8.34154e-05 58.9281 58.9281 0.0113184 0.0113184 
0.000109204 48.9696 48.9696 0.0123134 0.0123134 
0.000142964 37.1536 37.1536 0.0122305 0.0122305 
0.000187162 31.3622 31.3622 0.0135157 0.0135157 
0.000245024 26.7485 26.7485 0.0150912 0.0150912 
0.000320773 20.3197 20.3197 0.0150083 0.0150083 
0.000419942 17.7508 17.7508 0.0171642 0.0171642 
0.000549768 15.4913 15.4913 0.0196103 0.0196103 
0.00071973 12.2584 12.2584 0.0203151 0.0203151 
0.000942237 9.3827 9.3827 0.0203565 0.0203565 
0.00123353 7.51732 7.51732 0.0213515 0.0213515 
0.00161488 6.16582 6.16582 0.022927 0.022927 
0.00211413 4.93121 4.93121 0.0240049 0.0240049 
0.00276772 4.092 4.092 0.0260779 0.0260779 
0.00362337 3.28967 3.28967 0.0274461 0.0274461 
0.00474354 2.37238 2.37238 0.0259121 0.0259121 
0.00621002 1.89043 1.89043 0.0270315 0.0270315 
0.00812987 1.43072 1.43072 0.0267827 0.0267827 
0.0106432 1.10132 1.10132 0.02699 0.02699 
0.0139336 0.932995 0.932995 0.0299336 0.0299336 
0.0182413 0.78374 0.78374 0.0329187 0.0329187 
0.0238806 0.640885 0.640885 0.0352404 0.0352404 
0.0312634 0.536768 0.536768 0.0386401 0.0386401 
0.0409285 0.439047 0.439047 0.0413764 0.0413764 
0.0535817 0.401903 0.401903 0.0495853 0.0495853 
0.0701466 0.337283 0.337283 0.0544775 0.0544775 
0.0918327 0.311358 0.311358 0.0658374 0.0658374 
0.120223 0.259847 0.259847 0.0719319 0.0719319 
0.15739 0.225827 0.225827 0.0818407 0.0818407 
0.206048 0.198015 0.198015 0.0939468 0.0939468 
0.269748 0.176018 0.176018 0.109328 0.109328 
0.353142 0.15811 0.15811 0.128565 0.128565 
0.462317 0.131678 0.131678 0.140174 0.140174 
0.605244 0.119027 0.119027 0.165879 0.165879 
0.792357 0.104349 0.104349 0.190381 0.190381 
1.03732 0.0886811 0.0886811 0.211816 0.211816 
1.35801 0.0766095 0.0766095 0.239552 0.239552 
1.77784 0.0679372 0.0679372 0.278109 0.278109 
2.32746 0.0586554 0.0586554 0.314345 0.314345 
3.047 0.0499156 0.0499156 0.350207 0.350207 
3.98899 0.0408725 0.0408725 0.375414 0.375414 
5.2222 0.0324343 0.0324343 0.390008 0.390008 
6.83666 0.0255546 0.0255546 0.40228 0.40228 
8.95023 0.0204493 0.0204493 0.421434 0.421434 
11.7172 0.0164701 0.0164701 0.444361 0.444361 
15.3396 0.0129317 0.0129317 0.456757 0.456757 
20.0819 0.00999086 0.00999086 0.461981 0.461981 
26.2903 0.00696516 0.00696516 0.421641 0.421641 
34.4181 0.00489347 0.00489347 0.38781 0.38781 
45.0585 0.00329833 0.00329833 0.342205 0.342205 
58.9885 0.00205883 0.00205883 0.279643 0.279643 
77.225 0.00122967 0.00122967 0.218656 0.218656 
101.099 0.000753353 0.000753353 0.175373 0.175373 
132.354 0.000381865 0.000381865 0.116376 0.116376 
173.272 0.000187878 0.000187878 0.0749584 0.0749584 
226.84 7.13587e-05 7.13587e-05 0.0372719 0.0372719 
296.968 2.27974e-05 2.27974e-05 0.0155887 0.0155887 
388.777 6.80806e-06 6.80806e-06 0.00609452 0.00609452 
508.968 2.75937e-06 2.75937e-06 0.00323383 0.00323383 
666.317 1.0809e-06 1.0809e-06 0.00165837 0.00165837 




x=U_x/U_D 	 PDF 	 dV/Vdx
-114.318 7.75869e-07 7.75869e-07 
-108.067 0 0 
-101.815 7.75869e-07 7.75869e-07 
-95.5637 0 0 
-89.3122 0 0 
-83.0607 7.75869e-07 7.75869e-07 
-76.8092 0 0 
-70.5577 1.55174e-06 1.55174e-06 
-64.3062 3.87934e-06 3.87934e-06 
-58.0547 6.98282e-06 6.98282e-06 
-51.8032 1.31898e-05 1.31898e-05 
-45.5517 1.55174e-05 1.55174e-05 
-39.3002 3.18106e-05 3.18106e-05 
-33.0487 8.3018e-05 8.3018e-05 
-26.7972 0.000109397 0.000109397 
-20.5457 0.000197847 0.000197847 
-14.2942 0.000427504 0.000427504 
-8.04273 0.00130036 0.00130036 
-1.79124 0.00570341 0.00570341 
4.46026 0.0888098 0.0888098 
10.7118 0.0204317 0.0204317 
16.9633 0.0119934 0.0119934 
23.2148 0.0076555 0.0076555 
29.4663 0.00524177 0.00524177 
35.7178 0.00373891 0.00373891 
41.9693 0.00266511 0.00266511 
48.2208 0.00206691 0.00206691 
54.4723 0.00164562 0.00164562 
60.7238 0.00128561 0.00128561 
66.9753 0.00099544 0.00099544 
73.2268 0.000775869 0.000775869 
79.4783 0.00066492 0.00066492 
85.7298 0.000532246 0.000532246 
91.9813 0.000408107 0.000408107 
98.2327 0.000381727 0.000381727 
104.484 0.000344486 0.000344486 
110.736 0.000295606 0.000295606 
116.987 0.000263795 0.000263795 
123.239 0.000216467 0.000216467 
129.49 0.000224226 0.000224226 
135.742 0.000179226 0.000179226 
141.993 0.000141208 0.000141208 
148.245 0.000121036 0.000121036 
154.496 9.62077e-05 9.62077e-05 
160.748 9.85353e-05 9.85353e-05 
166.999 7.60351e-05 7.60351e-05 
173.251 7.06041e-05 7.06041e-05 
179.502 7.21558e-05 7.21558e-05 
185.754 6.12936e-05 6.12936e-05 
192.005 4.88797e-05 4.88797e-05 
198.257 3.80176e-05 3.80176e-05 
204.508 4.88797e-05 4.88797e-05 
210.76 3.33624e-05 3.33624e-05 
217.011 3.02589e-05 3.02589e-05 
223.263 2.71554e-05 2.71554e-05 
229.514 2.63795e-05 2.63795e-05 
235.766 3.10347e-05 3.10347e-05 
242.017 2.01726e-05 2.01726e-05 
248.269 1.62932e-05 1.62932e-05 
254.52 1.47415e-05 1.47415e-05 
260.772 2.01726e-05 2.01726e-05 
267.023 1.08622e-05 1.08622e-05 
273.275 1.08622e-05 1.08622e-05 
279.526 9.31042e-06 9.31042e-06 
285.778 7.75869e-06 7.75869e-06 
292.029 8.53456e-06 8.53456e-06 
298.281 4.65521e-06 4.65521e-06 
304.532 3.10347e-06 3.10347e-06 
310.784 6.20695e-06 6.20695e-06 
317.035 6.98282e-06 6.98282e-06 
323.287 6.20695e-06 6.20695e-06 
329.538 3.10347e-06 3.10347e-06 
335.79 1.55174e-06 1.55174e-06 
342.041 3.10347e-06 3.10347e-06 
348.293 3.87934e-06 3.87934e-06 
354.544 4.65521e-06 4.65521e-06 
360.796 7.75869e-07 7.75869e-07 
367.047 3.87934e-06 3.87934e-06 
373.299 6.20695e-06 6.20695e-06 
379.55 7.75869e-07 7.75869e-07 
385.802 3.10347e-06 3.10347e-06 
392.053 4.65521e-06 4.65521e-06 
398.305 1.55174e-06 1.55174e-06 
404.556 7.75869e-07 7.75869e-07 
410.808 2.32761e-06 2.32761e-06 
417.059 7.75869e-07 7.75869e-07 
423.311 1.55174e-06 1.55174e-06 
429.562 3.10347e-06 3.10347e-06 
435.814 1.55174e-06 1.55174e-06 
442.065 7.75869e-07 7.75869e-07 
448.317 2.32761e-06 2.32761e-06 
454.568 1.55174e-06 1.55174e-06 
460.82 7.75869e-07 7.75869e-07 
467.071 0 0 
473.323 1.55174e-06 1.55174e-06 
479.574 7.75869e-07 7.75869e-07 
485.826 7.75869e-07 7.75869e-07 
492.077 1.55174e-06 1.55174e-06 
498.329 3.10347e-06 3.10347e-06 
504.58 1.55174e-06 1.55174e-06 
510.832 7.75869e-07 7.75869e-07 
517.083 7.75869e-07 7.75869e-07 
523.335 7.75869e-07 7.75869e-07 
529.586 1.55174e-06 1.55174e-06 
535.838 7.75869e-07 7.75869e-07 
542.089 0 0 
548.341 7.75869e-07 7.75869e-07 
554.592 1.55174e-06 1.55174e-06 
560.844 0 0 
567.095 1.55174e-06 1.55174e-06 
573.347 1.55174e-06 1.55174e-06 
579.598 2.32761e-06 2.32761e-06 
585.85 1.55174e-06 1.55174e-06 
592.101 7.75869e-07 7.75869e-07 
598.353 0 0 
604.604 1.55174e-06 1.55174e-06 
610.856 0 0 
617.107 0 0 
623.359 0 0 
629.61 0 0 
635.862 0 0 
642.113 0 0 
648.365 0 0 
654.616 0 0 
660.868 1.55174e-06 1.55174e-06 
667.119 0 0 
673.371 0 0 
679.622 1.55174e-06 1.55174e-06 




x=U_y/U_D 	 PDF 	 dV/Vdx
-406.615 8.00814e-07 8.00814e-07 
-400.559 0 0 
-394.502 8.00814e-07 8.00814e-07 
-388.445 0 0 
-382.388 0 0 
-376.332 0 0 
-370.275 8.00814e-07 8.00814e-07 
-364.218 8.00814e-07 8.00814e-07 
-358.161 0 0 
-352.105 0 0 
-346.048 8.00814e-07 8.00814e-07 
-339.991 0 0 
-333.934 0 0 
-327.877 8.00814e-07 8.00814e-07 
-321.821 0 0 
-315.764 0 0 
-309.707 1.60163e-06 1.60163e-06 
-303.65 1.60163e-06 1.60163e-06 
-297.594 0 0 
-291.537 8.00814e-07 8.00814e-07 
-285.48 8.00814e-07 8.00814e-07 
-279.423 8.00814e-07 8.00814e-07 
-273.367 8.00814e-07 8.00814e-07 
-267.31 0 0 
-261.253 8.00814e-07 8.00814e-07 
-255.196 0 0 
-249.139 2.40244e-06 2.40244e-06 
-243.083 3.20325e-06 3.20325e-06 
-237.026 3.20325e-06 3.20325e-06 
-230.969 1.60163e-06 1.60163e-06 
-224.912 8.00814e-07 8.00814e-07 
-218.856 8.00814e-07 8.00814e-07 
-212.799 3.20325e-06 3.20325e-06 
-206.742 7.20732e-06 7.20732e-06 
-200.685 4.00407e-06 4.00407e-06 
-194.629 4.80488e-06 4.80488e-06 
-188.572 2.40244e-06 2.40244e-06 
-182.515 4.00407e-06 4.00407e-06 
-176.458 5.6057e-06 5.6057e-06 
-170.401 4.00407e-06 4.00407e-06 
-164.345 4.80488e-06 4.80488e-06 
-158.288 7.20732e-06 7.20732e-06 
-152.231 7.20732e-06 7.20732e-06 
-146.174 8.00814e-06 8.00814e-06 
-140.118 5.6057e-06 5.6057e-06 
-134.061 7.20732e-06 7.20732e-06 
-128.004 9.60976e-06 9.60976e-06 
-121.947 1.60163e-05 1.60163e-05 
-115.891 1.76179e-05 1.76179e-05 
-109.834 2.08212e-05 2.08212e-05 
-103.777 2.72277e-05 2.72277e-05 
-97.7203 4.00407e-05 4.00407e-05 
-91.6635 5.76586e-05 5.76586e-05 
-85.6067 7.2874e-05 7.2874e-05 
-79.55 7.76789e-05 7.76789e-05 
-73.4932 0.000133736 0.000133736 
-67.4364 0.000192195 0.000192195 
-61.3797 0.00021622 0.00021622 
-55.3229 0.000327533 0.000327533 
-49.2661 0.000426834 0.000426834 
-43.2094 0.000562972 0.000562972 
-37.1526 0.000710322 0.000710322 
-31.0958 0.000918533 0.000918533 
-25.0391 0.00127089 0.00127089 
-18.9823 0.00193717 0.00193717 
-12.9255 0.00347873 0.00347873 
-6.86876 0.00732664 0.00732664 
-0.811996 0.0320454 0.0320454 
5.24477 0.089756 0.089756 
11.3015 0.00904199 0.00904199 
17.3583 0.00420667 0.00420667 
23.4151 0.00283408 0.00283408 
29.4718 0.0019652 0.0019652 
35.5286 0.0014783 0.0014783 
41.5854 0.00119081 0.00119081 
47.6421 0.000989806 0.000989806 
53.6989 0.000870485 0.000870485 
59.7557 0.000719932 0.000719932 
65.8124 0.000486094 0.000486094 
71.8692 0.000370777 0.000370777 
77.926 0.00025626 0.00025626 
83.9828 0.000188992 0.000188992 
90.0395 0.000128931 0.000128931 
96.0963 0.000122524 0.000122524 
102.153 9.28944e-05 9.28944e-05 
108.21 7.52765e-05 7.52765e-05 
114.267 5.04513e-05 5.04513e-05 
120.323 4.08415e-05 4.08415e-05 
126.38 3.92399e-05 3.92399e-05 
132.437 2.96301e-05 2.96301e-05 
138.494 2.24228e-05 2.24228e-05 
144.55 2.40244e-05 2.40244e-05 
150.607 2.80285e-05 2.80285e-05 
156.664 1.84187e-05 1.84187e-05 
162.721 1.12114e-05 1.12114e-05 
168.778 1.68171e-05 1.68171e-05 
174.834 1.68171e-05 1.68171e-05 
180.891 1.04106e-05 1.04106e-05 
186.948 8.00814e-06 8.00814e-06 
193.005 7.20732e-06 7.20732e-06 
199.061 2.40244e-06 2.40244e-06 
205.118 5.6057e-06 5.6057e-06 
211.175 1.60163e-06 1.60163e-06 
217.232 3.20325e-06 3.20325e-06 
223.288 8.00814e-07 8.00814e-07 
229.345 1.60163e-06 1.60163e-06 
235.402 8.00814e-07 8.00814e-07 
241.459 0 0 
247.515 8.00814e-07 8.00814e-07 
253.572 8.00814e-07 8.00814e-07 
259.629 0 0 
265.686 0 0 
271.743 0 0 
277.799 0 0 
283.856 0 0 
289.913 0 0 
295.97 0 0 
302.026 0 0 
308.083 8.00814e-07 8.00814e-07 
314.14 0 0 
320.197 8.00814e-07 8.00814e-07 
326.253 0 0 
332.31 0 0 
338.367 0 0 
344.424 0 0 
350.481 0 0 
356.537 0 0 
362.594 8.00814e-07 8.00814e-07 




x=U_z/U_D 	 PDF 	 dV/Vdx
-175.979 1.10157e-06 1.10157e-06 
-171.576 1.10157e-06 1.10157e-06 
-167.173 0 0 
-162.77 1.10157e-06 1.10157e-06 
-158.367 1.10157e-06 1.10157e-06 
-153.964 1.10157e-06 1.10157e-06 
-149.56 1.10157e-06 1.10157e-06 
-145.157 1.10157e-06 1.10157e-06 
-140.754 3.30471e-06 3.30471e-06 
-136.351 3.30471e-06 3.30471e-06 
-131.948 5.50785e-06 5.50785e-06 
-127.545 1.10157e-05 1.10157e-05 
-123.142 1.5422e-05 1.5422e-05 
-118.739 5.50785e-06 5.50785e-06 
-114.335 1.5422e-05 1.5422e-05 
-109.932 1.43204e-05 1.43204e-05 
-105.529 2.3133e-05 2.3133e-05 
-101.126 1.98282e-05 1.98282e-05 
-96.723 3.63518e-05 3.63518e-05 
-92.3199 2.75392e-05 2.75392e-05 
-87.9168 4.18596e-05 4.18596e-05 
-83.5136 5.618e-05 5.618e-05 
-79.1105 7.60083e-05 7.60083e-05 
-74.7074 0.000113462 0.000113462 
-70.3043 0.000152017 0.000152017 
-65.9012 0.000201587 0.000201587 
-61.498 0.000265478 0.000265478 
-57.0949 0.000298525 0.000298525 
-52.6918 0.00041419 0.00041419 
-48.2887 0.000483589 0.000483589 
-43.8855 0.000566207 0.000566207 
-39.4824 0.000669754 0.000669754 
-35.0793 0.000796435 0.000796435 
-30.6762 0.000990311 0.000990311 
-26.2731 0.0012613 0.0012613 
-21.8699 0.00151906 0.00151906 
-17.4668 0.00208197 0.00208197 
-13.0637 0.00306897 0.00306897 
-8.66058 0.00572596 0.00572596 
-4.25746 0.0140924 0.0140924 
0.14566 0.101488 0.101488 
4.54878 0.0543316 0.0543316 
8.9519 0.0152479 0.0152479 
13.355 0.00713266 0.00713266 
17.7581 0.00375966 0.00375966 
22.1613 0.00232321 0.00232321 
26.5644 0.00166337 0.00166337 
30.9675 0.00127562 0.00127562 
35.3706 0.00106412 0.00106412 
39.7737 0.000862529 0.000862529 
44.1769 0.000724833 0.000724833 
48.58 0.000581629 0.000581629 
52.9831 0.000523245 0.000523245 
57.3862 0.000386651 0.000386651 
61.7894 0.000275392 0.000275392 
66.1925 0.000270986 0.000270986 
70.5956 0.000226923 0.000226923 
74.9987 0.000209298 0.000209298 
79.4018 0.000205993 0.000205993 
83.805 0.000157524 0.000157524 
88.2081 0.000142102 0.000142102 
92.6112 0.000123376 0.000123376 
97.0143 0.000110157 0.000110157 
101.417 0.000101344 0.000101344 
105.821 6.71957e-05 6.71957e-05 
110.224 8.7024e-05 8.7024e-05 
114.627 6.93989e-05 6.93989e-05 
119.03 6.05863e-05 6.05863e-05 
123.433 6.3891e-05 6.3891e-05 
127.836 3.63518e-05 3.63518e-05 
132.239 3.96565e-05 3.96565e-05 
136.642 4.18596e-05 4.18596e-05 
141.046 3.19455e-05 3.19455e-05 
145.449 3.30471e-05 3.30471e-05 
149.852 2.3133e-05 2.3133e-05 
154.255 1.98282e-05 1.98282e-05 
158.658 2.20314e-05 2.20314e-05 
163.061 2.64377e-05 2.64377e-05 
167.464 1.87267e-05 1.87267e-05 
171.867 1.5422e-05 1.5422e-05 
176.271 1.43204e-05 1.43204e-05 
180.674 7.71098e-06 7.71098e-06 
185.077 1.32188e-05 1.32188e-05 
189.48 1.21173e-05 1.21173e-05 
193.883 7.71098e-06 7.71098e-06 
198.286 8.81255e-06 8.81255e-06 
202.689 6.60942e-06 6.60942e-06 
207.092 7.71098e-06 7.71098e-06 
211.495 5.50785e-06 5.50785e-06 
215.899 9.91412e-06 9.91412e-06 
220.302 6.60942e-06 6.60942e-06 
224.705 8.81255e-06 8.81255e-06 
229.108 6.60942e-06 6.60942e-06 
233.511 6.60942e-06 6.60942e-06 
237.914 2.20314e-06 2.20314e-06 
242.317 7.71098e-06 7.71098e-06 
246.72 4.40628e-06 4.40628e-06 
251.124 4.40628e-06 4.40628e-06 
255.527 6.60942e-06 6.60942e-06 
259.93 3.30471e-06 3.30471e-06 
264.333 3.30471e-06 3.30471e-06 
268.736 5.50785e-06 5.50785e-06 
273.139 3.30471e-06 3.30471e-06 
277.542 7.71098e-06 7.71098e-06 
281.945 1.10157e-06 1.10157e-06 
286.349 1.10157e-06 1.10157e-06 
290.752 0 0 
295.155 1.10157e-06 1.10157e-06 
299.558 4.40628e-06 4.40628e-06 
303.961 1.10157e-06 1.10157e-06 
308.364 2.20314e-06 2.20314e-06 
312.767 2.20314e-06 2.20314e-06 
317.17 1.10157e-06 1.10157e-06 
321.573 1.10157e-06 1.10157e-06 
325.977 3.30471e-06 3.30471e-06 
330.38 2.20314e-06 2.20314e-06 
334.783 2.20314e-06 2.20314e-06 
339.186 0 0 
343.589 1.10157e-06 1.10157e-06 
347.992 1.10157e-06 1.10157e-06 
352.395 4.40628e-06 4.40628e-06 
356.798 1.10157e-06 1.10157e-06 
361.202 1.10157e-06 1.10157e-06 
365.605 0 0 
370.008 0 0 
374.411 0 0 
378.814 0 0 
383.217 1.10157e-06 1.10157e-06 




x=mag(U)/U_D 	 PDF 	 dV/Vdx
2.97808 0.0684111 0.0684111 
8.93424 0.0317748 0.0317748 
14.8904 0.016729 0.016729 
20.8466 0.0112835 0.0112835 
26.8027 0.00769796 0.00769796 
32.7589 0.00575169 0.00575169 
38.715 0.00433392 0.00433392 
44.6712 0.0034585 0.0034585 
50.6274 0.00266045 0.00266045 
56.5835 0.00223536 0.00223536 
62.5397 0.00182738 0.00182738 
68.4958 0.00147151 0.00147151 
74.452 0.00126223 0.00126223 
80.4082 0.00107737 0.00107737 
86.3643 0.000909618 0.000909618 
92.3205 0.000834699 0.000834699 
98.2767 0.000788282 0.000788282 
104.233 0.000731278 0.000731278 
110.189 0.00053095 0.00053095 
116.145 0.00046336 0.00046336 
122.101 0.000395769 0.000395769 
128.057 0.000313521 0.000313521 
134.014 0.000301306 0.000301306 
139.97 0.000278504 0.000278504 
145.926 0.000266289 0.000266289 
151.882 0.000228015 0.000228015 
157.838 0.000216615 0.000216615 
163.794 0.000189741 0.000189741 
169.751 0.000128666 0.000128666 
175.707 0.000138438 0.000138438 
181.663 0.000111565 0.000111565 
187.619 0.000118894 0.000118894 
193.575 0.000111565 0.000111565 
199.531 6.84046e-05 6.84046e-05 
205.488 7.49193e-05 7.49193e-05 
211.444 6.43329e-05 6.43329e-05 
217.4 5.45608e-05 5.45608e-05 
223.356 5.21178e-05 5.21178e-05 
229.312 3.74597e-05 3.74597e-05 
235.268 4.23457e-05 4.23457e-05 
241.225 4.316e-05 4.316e-05 
247.181 3.17593e-05 3.17593e-05 
253.137 2.93163e-05 2.93163e-05 
259.093 2.52446e-05 2.52446e-05 
265.049 2.76876e-05 2.76876e-05 
271.005 1.95442e-05 1.95442e-05 
276.961 2.36159e-05 2.36159e-05 
282.918 1.46581e-05 1.46581e-05 
288.874 1.46581e-05 1.46581e-05 
294.83 1.62868e-05 1.62868e-05 
300.786 8.95775e-06 8.95775e-06 
306.742 1.14008e-05 1.14008e-05 
312.698 1.14008e-05 1.14008e-05 
318.655 8.95775e-06 8.95775e-06 
324.611 7.32906e-06 7.32906e-06 
330.567 1.30294e-05 1.30294e-05 
336.523 9.77209e-06 9.77209e-06 
342.479 1.05864e-05 1.05864e-05 
348.435 8.1434e-06 8.1434e-06 
354.392 4.88604e-06 4.88604e-06 
360.348 4.88604e-06 4.88604e-06 
366.304 4.88604e-06 4.88604e-06 
372.26 4.88604e-06 4.88604e-06 
378.216 7.32906e-06 7.32906e-06 
384.172 5.70038e-06 5.70038e-06 
390.129 5.70038e-06 5.70038e-06 
396.085 4.0717e-06 4.0717e-06 
402.041 4.0717e-06 4.0717e-06 
407.997 5.70038e-06 5.70038e-06 
413.953 4.0717e-06 4.0717e-06 
419.909 4.88604e-06 4.88604e-06 
425.865 4.0717e-06 4.0717e-06 
431.822 4.0717e-06 4.0717e-06 
437.778 1.62868e-06 1.62868e-06 
443.734 3.25736e-06 3.25736e-06 
449.69 1.62868e-06 1.62868e-06 
455.646 3.25736e-06 3.25736e-06 
461.602 3.25736e-06 3.25736e-06 
467.559 2.44302e-06 2.44302e-06 
473.515 4.88604e-06 4.88604e-06 
479.471 2.44302e-06 2.44302e-06 
485.427 0 0 
491.383 1.62868e-06 1.62868e-06 
497.339 1.62868e-06 1.62868e-06 
503.296 1.62868e-06 1.62868e-06 
509.252 2.44302e-06 2.44302e-06 
515.208 8.1434e-07 8.1434e-07 
521.164 2.44302e-06 2.44302e-06 
527.12 8.1434e-07 8.1434e-07 
533.076 0 0 
539.033 1.62868e-06 1.62868e-06 
544.989 8.1434e-07 8.1434e-07 
550.945 1.62868e-06 1.62868e-06 
556.901 0 0 
562.857 2.44302e-06 2.44302e-06 
568.813 2.44302e-06 2.44302e-06 
574.77 1.62868e-06 1.62868e-06 
580.726 2.44302e-06 2.44302e-06 
586.682 8.1434e-07 8.1434e-07 
592.638 8.1434e-07 8.1434e-07 
598.594 0 0 
604.55 0 0 
610.506 1.62868e-06 1.62868e-06 
616.463 3.25736e-06 3.25736e-06 
622.419 0 0 
628.375 2.44302e-06 2.44302e-06 
634.331 0 0 
640.287 0 0 
646.243 0 0 
652.2 8.1434e-07 8.1434e-07 
658.156 0 0 
664.112 8.1434e-07 8.1434e-07 
670.068 0 0 
676.024 0 0 
681.98 8.1434e-07 8.1434e-07 
687.937 0 0 
693.893 0 0 
699.849 8.1434e-07 8.1434e-07 
705.805 0 0 
711.761 1.62868e-06 1.62868e-06 
717.717 0 0 
723.674 0 0 
729.63 0 0 
735.586 0 0 
741.542 8.1434e-07 8.1434e-07 
747.498 0 0 
753.454 0 0 
759.41 8.1434e-07 8.1434e-07 


