ketton_desp_128_50-1-X/processor0	effPorosity= 0.131739 		K_x= 1.03193e-13 m^2 		FF_x= 38.361 		DarcyVelocity= 4.03096e-07 m/s 		DelP= 1 Pa 		K: 1.03193e-13 m^2 			K=( 1.03193e-13  0  0 ) Pmax-Pmin: 1.00696 Umax= 0.000132538		 effPorosity= V_pore/(L_x*L_y*L_z)= 2.21021e-12/(0.000256*0.000256*0.000256)= 0.131739		 Re=rho*VDarcy*sqrt(K)/mu= 1000*4.03096e-07*sqrt(1.03193e-13 )/0.001)= 1.29489e-07


x=mag(U)/U_D 	 PDF 	 dV/Vdx 	 PDF(log10(x)) 	 dV/Vd(log10(x))
3.82935e-12 3.75626e+06 3.75626e+06 3.31205e-05 3.31205e-05 
4.92504e-12 5.84119e+06 5.84119e+06 6.62411e-05 6.62411e-05 
6.33425e-12 2.27084e+06 2.27084e+06 3.31205e-05 3.31205e-05 
8.14666e-12 3.53128e+06 3.53128e+06 6.62411e-05 6.62411e-05 
1.04777e-11 0 0 0 0 
1.34756e-11 2.13483e+06 2.13483e+06 6.62411e-05 6.62411e-05 
1.73314e-11 1.65988e+06 1.65988e+06 6.62411e-05 6.62411e-05 
2.22904e-11 1.93591e+06 1.93591e+06 9.93616e-05 9.93616e-05 
2.86684e-11 3.01044e+06 3.01044e+06 0.000198723 0.000198723 
3.68713e-11 1.56046e+06 1.56046e+06 0.000132482 0.000132482 
4.74212e-11 2.12328e+06 2.12328e+06 0.000231844 0.000231844 
6.09899e-11 1.17922e+06 1.17922e+06 0.000165603 0.000165603 
7.84409e-11 1.28362e+06 1.28362e+06 0.000231844 0.000231844 
1.00885e-10 1.14063e+06 1.14063e+06 0.000264964 0.000264964 
1.29751e-10 1.44116e+06 1.44116e+06 0.000430567 0.000430567 
1.66877e-10 948151 948151 0.000364326 0.000364326 
2.14626e-10 536155 536155 0.000264964 0.000264964 
2.76036e-10 833749 833749 0.000529928 0.000529928 
3.55018e-10 486197 486197 0.000397446 0.000397446 
4.566e-10 630051 630051 0.000662411 0.000662411 
5.87247e-10 881787 881787 0.00119234 0.00119234 
7.55275e-10 552299 552299 0.000960495 0.000960495 
9.71382e-10 562698 562698 0.00125858 0.00125858 
1.24932e-09 449026 449026 0.0012917 0.0012917 
1.60679e-09 286465 286465 0.00105986 0.00105986 
2.06654e-09 299299 299299 0.00142418 0.00142418 
2.65784e-09 378835 378835 0.00231844 0.00231844 
3.41833e-09 273515 273515 0.00215283 0.00215283 
4.39641e-09 242111 242111 0.00245092 0.00245092 
5.65436e-09 213687 213687 0.00278212 0.00278212 
7.27224e-09 166147 166147 0.00278212 0.00278212 
9.35304e-09 136873 136873 0.00294773 0.00294773 
1.20292e-08 131534 131534 0.00364326 0.00364326 
1.54711e-08 104130 104130 0.0037095 0.0037095 
1.98979e-08 80964.1 80964.1 0.0037095 0.0037095 
2.55913e-08 70258.6 70258.6 0.00414007 0.00414007 
3.29137e-08 41954.3 41954.3 0.00317957 0.00317957 
4.23313e-08 33640 33640 0.00327893 0.00327893 
5.44435e-08 24306.6 24306.6 0.00304709 0.00304709 
7.00214e-08 21569.5 21569.5 0.00347766 0.00347766 
9.00566e-08 13097.2 13097.2 0.00271588 0.00271588 
1.15824e-07 9686.7 9686.7 0.0025834 0.0025834 
1.48965e-07 7338.55 7338.55 0.00251716 0.00251716 
1.91589e-07 3828.97 3828.97 0.00168915 0.00168915 
2.46408e-07 4144.63 4144.63 0.00235156 0.00235156 
3.16912e-07 3131.78 3131.78 0.00228532 0.00228532 
4.07591e-07 2188.01 2188.01 0.00205347 0.00205347 
5.24214e-07 1317.09 1317.09 0.00158979 0.00158979 
6.74208e-07 1450.76 1450.76 0.0022522 0.0022522 
8.67118e-07 1244.13 1244.13 0.00248404 0.00248404 
1.11523e-06 1122.12 1122.12 0.00288149 0.00288149 
1.43433e-06 722.048 722.048 0.00238468 0.00238468 
1.84473e-06 639.385 639.385 0.00271588 0.00271588 
2.37256e-06 460.763 460.763 0.00251716 0.00251716 
3.05142e-06 433.678 433.678 0.00304709 0.00304709 
3.92452e-06 370.183 370.183 0.00334517 0.00334517 
5.04745e-06 330.573 330.573 0.00384198 0.00384198 
6.49167e-06 283.619 283.619 0.00423943 0.00423943 
8.34913e-06 201.57 201.57 0.0038751 0.0038751 
1.07381e-05 172.801 172.801 0.00427255 0.00427255 
1.38105e-05 113.527 113.527 0.00361014 0.00361014 
1.77621e-05 120.663 120.663 0.00493496 0.00493496 
2.28444e-05 72.4101 72.4101 0.00380886 0.00380886 
2.93809e-05 70.4984 70.4984 0.00476936 0.00476936 
3.77876e-05 57.8596 57.8596 0.00503432 0.00503432 
4.85998e-05 52.6826 52.6826 0.00589545 0.00589545 
6.25056e-05 41.1922 41.1922 0.00592857 0.00592857 
8.03904e-05 38.1116 38.1116 0.00705467 0.00705467 
0.000103392 30.8849 30.8849 0.00735276 0.00735276 
0.000132976 27.9079 27.9079 0.0085451 0.0085451 
0.000171024 20.4376 20.4376 0.00804829 0.00804829 
0.00021996 16.9371 16.9371 0.00857822 0.00857822 
0.000282897 15.8638 15.8638 0.0103336 0.0103336 
0.000363842 14.6671 14.6671 0.0122877 0.0122877 
0.000467948 10.7585 10.7585 0.0115922 0.0115922 
0.000601841 10.4682 10.4682 0.0145068 0.0145068 
0.000774046 8.91982 8.91982 0.0158979 0.0158979 
0.000995524 7.19547 7.19547 0.016494 0.016494 
0.00128037 6.3249 6.3249 0.0186469 0.0186469 
0.00164672 5.65151 5.65151 0.021429 0.021429 
0.0021179 4.82887 4.82887 0.0235487 0.0235487 
0.0027239 4.13478 4.13478 0.0259334 0.0259334 
0.00350328 3.1451 3.1451 0.0253703 0.0253703 
0.00450568 2.88277 2.88277 0.0299078 0.0299078 
0.00579488 2.13966 2.13966 0.0285499 0.0285499 
0.00745297 1.53047 1.53047 0.0262646 0.0262646 
0.00958549 1.13446 1.13446 0.0250391 0.0250391 
0.0123282 0.864571 0.864571 0.0245423 0.0245423 
0.0158556 0.724844 0.724844 0.0264633 0.0264633 
0.0203924 0.579809 0.579809 0.0272251 0.0272251 
0.0262273 0.461786 0.461786 0.0278875 0.0278875 
0.0337317 0.419603 0.419603 0.0325906 0.0325906 
0.0433833 0.390575 0.390575 0.039016 0.039016 
0.0557966 0.307291 0.307291 0.0394797 0.0394797 
0.0717616 0.285029 0.285029 0.0470974 0.0470974 
0.0922948 0.240475 0.240475 0.051105 0.051105 
0.118703 0.238234 0.238234 0.065115 0.065115 
0.152668 0.205773 0.205773 0.0723352 0.0723352 
0.19635 0.19274 0.19274 0.0871401 0.0871401 
0.252532 0.178226 0.178226 0.103634 0.103634 
0.324789 0.158195 0.158195 0.118307 0.118307 
0.41772 0.143661 0.143661 0.138179 0.138179 
0.537243 0.129934 0.129934 0.160734 0.160734 
0.690964 0.119554 0.119554 0.190211 0.190211 
0.888669 0.104627 0.104627 0.214091 0.214091 
1.14294 0.0936332 0.0936332 0.246417 0.246417 
1.46997 0.085484 0.085484 0.289341 0.289341 
1.89058 0.075558 0.075558 0.32892 0.32892 
2.43153 0.0667049 0.0667049 0.373467 0.373467 
3.12726 0.0600889 0.0600889 0.432687 0.432687 
4.02206 0.0493922 0.0493922 0.457428 0.457428 
5.17289 0.0391295 0.0391295 0.466072 0.466072 
6.65301 0.0326663 0.0326663 0.500418 0.500418 
8.55663 0.0251972 0.0251972 0.496444 0.496444 
11.0049 0.0197274 0.0197274 0.499888 0.499888 
14.1538 0.0157298 0.0157298 0.51264 0.51264 
18.2036 0.0127732 0.0127732 0.535393 0.535393 
23.4122 0.00958009 0.00958009 0.516448 0.516448 
30.1111 0.00698875 0.00698875 0.484553 0.484553 
38.7268 0.00456109 0.00456109 0.40672 0.40672 
49.8076 0.00221908 0.00221908 0.254498 0.254498 
64.0591 0.00112833 0.00112833 0.166431 0.166431 
82.3883 0.000532321 0.000532321 0.100984 0.100984 
105.962 0.000255612 0.000255612 0.062366 0.062366 
136.281 0.00010903 0.00010903 0.0342135 0.0342135 
175.275 4.79264e-05 4.79264e-05 0.0193424 0.0193424 
225.426 1.65902e-05 1.65902e-05 0.00861134 0.00861134 
289.927 2.77831e-06 2.77831e-06 0.00185475 0.00185475 




x=U_x/U_D 	 PDF 	 dV/Vdx
-35.185 1.42106e-06 1.42106e-06 
-32.6379 7.10532e-06 7.10532e-06 
-30.0908 4.26319e-06 4.26319e-06 
-27.5438 5.68426e-06 5.68426e-06 
-24.9967 1.70528e-05 1.70528e-05 
-22.4496 5.25794e-05 5.25794e-05 
-19.9025 0.000100896 0.000100896 
-17.3554 0.000163422 0.000163422 
-14.8084 0.000223107 0.000223107 
-12.2613 0.000324003 0.000324003 
-9.71419 0.000406424 0.000406424 
-7.1671 0.000602531 0.000602531 
-4.62002 0.0011539 0.0011539 
-2.07294 0.00304108 0.00304108 
0.474144 0.106657 0.106657 
3.02123 0.0953307 0.0953307 
5.56831 0.0434093 0.0434093 
8.11539 0.0268809 0.0268809 
10.6625 0.0197727 0.0197727 
13.2096 0.0159387 0.0159387 
15.7566 0.0131377 0.0131377 
18.3037 0.0105386 0.0105386 
20.8508 0.00901665 0.00901665 
23.3979 0.00723322 0.00723322 
25.945 0.00613758 0.00613758 
28.4921 0.00490551 0.00490551 
31.0391 0.00396619 0.00396619 
33.5862 0.0031775 0.0031775 
36.1333 0.00271139 0.00271139 
38.6804 0.00226802 0.00226802 
41.2275 0.00168822 0.00168822 
43.7746 0.00145517 0.00145517 
46.3216 0.00117238 0.00117238 
48.8687 0.00109564 0.00109564 
51.4158 0.00100185 0.00100185 
53.9629 0.000842691 0.000842691 
56.51 0.000741796 0.000741796 
59.057 0.000649426 0.000649426 
61.6041 0.000623847 0.000623847 
64.1512 0.000528636 0.000528636 
66.6983 0.000470372 0.000470372 
69.2454 0.00037374 0.00037374 
71.7925 0.000379424 0.000379424 
74.3395 0.000305529 0.000305529 
76.8866 0.000281371 0.000281371 
79.4337 0.000247265 0.000247265 
81.9808 0.000257213 0.000257213 
84.5279 0.00022737 0.00022737 
87.075 0.000234476 0.000234476 
89.622 0.000217423 0.000217423 
92.1691 0.000180475 0.000180475 
94.7162 0.000176212 0.000176212 
97.2633 0.000184738 0.000184738 
99.8104 0.000167686 0.000167686 
102.357 0.000142106 0.000142106 
104.905 0.00013358 0.00013358 
107.452 0.000137843 0.000137843 
109.999 0.000116527 0.000116527 
112.546 0.000116527 0.000116527 
115.093 9.37903e-05 9.37903e-05 
117.64 9.37903e-05 9.37903e-05 
120.187 8.24217e-05 8.24217e-05 
122.734 7.67375e-05 7.67375e-05 
125.281 9.52113e-05 9.52113e-05 
127.828 7.53164e-05 7.53164e-05 
130.375 6.25268e-05 6.25268e-05 
132.922 5.82636e-05 5.82636e-05 
135.47 4.4053e-05 4.4053e-05 
138.017 4.4053e-05 4.4053e-05 
140.564 3.83687e-05 3.83687e-05 
143.111 3.69477e-05 3.69477e-05 
145.658 3.41055e-05 3.41055e-05 
148.205 3.55266e-05 3.55266e-05 
150.752 3.55266e-05 3.55266e-05 
153.299 1.70528e-05 1.70528e-05 
155.846 2.70002e-05 2.70002e-05 
158.393 1.98949e-05 1.98949e-05 
160.94 2.41581e-05 2.41581e-05 
163.487 1.98949e-05 1.98949e-05 
166.035 1.84738e-05 1.84738e-05 
168.582 1.42106e-05 1.42106e-05 
171.129 1.42106e-05 1.42106e-05 
173.676 1.98949e-05 1.98949e-05 
176.223 9.94745e-06 9.94745e-06 
178.77 3.12634e-05 3.12634e-05 
181.317 1.84738e-05 1.84738e-05 
183.864 1.42106e-05 1.42106e-05 
186.411 9.94745e-06 9.94745e-06 
188.958 8.52639e-06 8.52639e-06 
191.505 1.84738e-05 1.84738e-05 
194.052 5.68426e-06 5.68426e-06 
196.6 8.52639e-06 8.52639e-06 
199.147 4.26319e-06 4.26319e-06 
201.694 0 0 
204.241 8.52639e-06 8.52639e-06 
206.788 4.26319e-06 4.26319e-06 
209.335 4.26319e-06 4.26319e-06 
211.882 2.84213e-06 2.84213e-06 
214.429 1.42106e-06 1.42106e-06 
216.976 0 0 
219.523 0 0 
222.07 2.84213e-06 2.84213e-06 
224.617 0 0 
227.165 1.42106e-06 1.42106e-06 
229.712 2.84213e-06 2.84213e-06 
232.259 1.42106e-06 1.42106e-06 
234.806 2.84213e-06 2.84213e-06 
237.353 2.84213e-06 2.84213e-06 
239.9 1.42106e-06 1.42106e-06 
242.447 0 0 
244.994 1.42106e-06 1.42106e-06 
247.541 2.84213e-06 2.84213e-06 
250.088 0 0 
252.635 0 0 
255.182 1.42106e-06 1.42106e-06 
257.729 1.42106e-06 1.42106e-06 
260.277 2.84213e-06 2.84213e-06 
262.824 2.84213e-06 2.84213e-06 
265.371 2.84213e-06 2.84213e-06 
267.918 1.42106e-06 1.42106e-06 
270.465 0 0 
273.012 0 0 
275.559 2.84213e-06 2.84213e-06 
278.106 1.42106e-06 1.42106e-06 
280.653 0 0 
283.2 1.42106e-06 1.42106e-06 
285.747 0 0 
288.294 1.42106e-06 1.42106e-06 




x=U_y/U_D 	 PDF 	 dV/Vdx
-158.31 1.36169e-06 1.36169e-06 
-155.652 0 0 
-152.994 0 0 
-150.336 0 0 
-147.678 0 0 
-145.02 0 0 
-142.361 4.08507e-06 4.08507e-06 
-139.703 0 0 
-137.045 0 0 
-134.387 1.36169e-06 1.36169e-06 
-131.729 4.08507e-06 4.08507e-06 
-129.071 0 0 
-126.413 1.36169e-06 1.36169e-06 
-123.754 1.36169e-06 1.36169e-06 
-121.096 1.36169e-06 1.36169e-06 
-118.438 0 0 
-115.78 1.36169e-06 1.36169e-06 
-113.122 5.44676e-06 5.44676e-06 
-110.464 1.22552e-05 1.22552e-05 
-107.806 1.36169e-06 1.36169e-06 
-105.147 1.22552e-05 1.22552e-05 
-102.489 9.53183e-06 9.53183e-06 
-99.8311 4.08507e-06 4.08507e-06 
-97.1729 8.17014e-06 8.17014e-06 
-94.5148 9.53183e-06 9.53183e-06 
-91.8566 1.22552e-05 1.22552e-05 
-89.1985 1.08935e-05 1.08935e-05 
-86.5404 2.72338e-05 2.72338e-05 
-83.8822 1.7702e-05 1.7702e-05 
-81.2241 2.45104e-05 2.45104e-05 
-78.5659 3.9489e-05 3.9489e-05 
-75.9078 4.08507e-05 4.08507e-05 
-73.2496 6.67228e-05 6.67228e-05 
-70.5915 7.76163e-05 7.76163e-05 
-67.9333 8.71481e-05 8.71481e-05 
-65.2752 0.000111659 0.000111659 
-62.6171 0.000132084 0.000132084 
-59.9589 0.000178381 0.000178381 
-57.3008 0.000190637 0.000190637 
-54.6426 0.000238296 0.000238296 
-51.9845 0.000288678 0.000288678 
-49.3263 0.000315912 0.000315912 
-46.6682 0.000303657 0.000303657 
-44.01 0.000359486 0.000359486 
-41.3519 0.000339061 0.000339061 
-38.6938 0.000426209 0.000426209 
-36.0356 0.000502464 0.000502464 
-33.3775 0.000687653 0.000687653 
-30.7193 0.000901439 0.000901439 
-28.0612 0.00127046 0.00127046 
-25.403 0.0015782 0.0015782 
-22.7449 0.00207113 0.00207113 
-20.0867 0.00250551 0.00250551 
-17.4286 0.00304065 0.00304065 
-14.7704 0.00386175 0.00386175 
-12.1123 0.00501647 0.00501647 
-9.45416 0.00719245 0.00719245 
-6.79601 0.0113701 0.0113701 
-4.13787 0.0199515 0.0199515 
-1.47972 0.0433385 0.0433385 
1.17842 0.167824 0.167824 
3.83657 0.0453034 0.0453034 
6.49471 0.0186197 0.0186197 
9.15286 0.0103325 0.0103325 
11.811 0.00676896 0.00676896 
14.4691 0.00441868 0.00441868 
17.1273 0.0030815 0.0030815 
19.7854 0.00215964 0.00215964 
22.4436 0.00175249 0.00175249 
25.1017 0.00135624 0.00135624 
27.7599 0.00111795 0.00111795 
30.418 0.000871481 0.000871481 
33.0762 0.000762546 0.000762546 
35.7343 0.000653611 0.000653611 
38.3924 0.000539229 0.000539229 
41.0506 0.000445273 0.000445273 
43.7087 0.000401698 0.000401698 
46.3669 0.000362209 0.000362209 
49.025 0.000351316 0.000351316 
51.6832 0.0002737 0.0002737 
54.3413 0.000242381 0.000242381 
56.9995 0.000191998 0.000191998 
59.6576 0.000186552 0.000186552 
62.3158 0.000133446 0.000133446 
64.9739 0.000142977 0.000142977 
67.632 0.000103488 0.000103488 
70.2902 9.25949e-05 9.25949e-05 
72.9483 0.000117105 0.000117105 
75.6065 9.25949e-05 9.25949e-05 
78.2646 8.57865e-05 8.57865e-05 
80.9228 7.76163e-05 7.76163e-05 
83.5809 6.80845e-05 6.80845e-05 
86.2391 5.44676e-05 5.44676e-05 
88.8972 6.26377e-05 6.26377e-05 
91.5553 4.49358e-05 4.49358e-05 
94.2135 5.17442e-05 5.17442e-05 
96.8716 3.67656e-05 3.67656e-05 
99.5298 3.40422e-05 3.40422e-05 
102.188 2.31487e-05 2.31487e-05 
104.846 1.90637e-05 1.90637e-05 
107.504 1.90637e-05 1.90637e-05 
110.162 2.58721e-05 2.58721e-05 
112.821 2.1787e-05 2.1787e-05 
115.479 3.40422e-05 3.40422e-05 
118.137 1.7702e-05 1.7702e-05 
120.795 1.49786e-05 1.49786e-05 
123.453 1.7702e-05 1.7702e-05 
126.111 1.36169e-05 1.36169e-05 
128.769 1.36169e-05 1.36169e-05 
131.428 1.08935e-05 1.08935e-05 
134.086 1.22552e-05 1.22552e-05 
136.744 8.17014e-06 8.17014e-06 
139.402 1.49786e-05 1.49786e-05 
142.06 2.72338e-06 2.72338e-06 
144.718 5.44676e-06 5.44676e-06 
147.376 4.08507e-06 4.08507e-06 
150.035 5.44676e-06 5.44676e-06 
152.693 8.17014e-06 8.17014e-06 
155.351 1.22552e-05 1.22552e-05 
158.009 5.44676e-06 5.44676e-06 
160.667 4.08507e-06 4.08507e-06 
163.325 4.08507e-06 4.08507e-06 
165.983 1.36169e-06 1.36169e-06 
168.642 1.36169e-06 1.36169e-06 
171.3 1.36169e-06 1.36169e-06 
173.958 2.72338e-06 2.72338e-06 
176.616 1.36169e-06 1.36169e-06 
179.274 4.08507e-06 4.08507e-06 




x=U_z/U_D 	 PDF 	 dV/Vdx
-153.127 1.39139e-06 1.39139e-06 
-150.525 2.78278e-06 2.78278e-06 
-147.924 0 0 
-145.322 0 0 
-142.721 1.39139e-06 1.39139e-06 
-140.119 0 0 
-137.518 1.39139e-06 1.39139e-06 
-134.917 1.39139e-06 1.39139e-06 
-132.315 6.95694e-06 6.95694e-06 
-129.714 0 0 
-127.112 4.17416e-06 4.17416e-06 
-124.511 1.39139e-06 1.39139e-06 
-121.91 1.39139e-06 1.39139e-06 
-119.308 1.39139e-06 1.39139e-06 
-116.707 4.17416e-06 4.17416e-06 
-114.105 4.17416e-06 4.17416e-06 
-111.504 5.56555e-06 5.56555e-06 
-108.903 6.95694e-06 6.95694e-06 
-106.301 5.56555e-06 5.56555e-06 
-103.7 1.11311e-05 1.11311e-05 
-101.098 4.17416e-06 4.17416e-06 
-98.4969 5.56555e-06 5.56555e-06 
-95.8955 4.17416e-06 4.17416e-06 
-93.2941 4.17416e-06 4.17416e-06 
-90.6927 1.39139e-05 1.39139e-05 
-88.0913 1.39139e-05 1.39139e-05 
-85.4899 8.34833e-06 8.34833e-06 
-82.8885 1.66967e-05 1.66967e-05 
-80.2871 2.78278e-05 2.78278e-05 
-77.6857 2.36536e-05 2.36536e-05 
-75.0842 1.66967e-05 1.66967e-05 
-72.4828 1.66967e-05 1.66967e-05 
-69.8814 2.08708e-05 2.08708e-05 
-67.28 3.33933e-05 3.33933e-05 
-64.6786 3.20019e-05 3.20019e-05 
-62.0772 5.28727e-05 5.28727e-05 
-59.4758 5.009e-05 5.009e-05 
-56.8744 5.28727e-05 5.28727e-05 
-54.273 6.8178e-05 6.8178e-05 
-51.6716 0.000101571 0.000101571 
-49.0702 8.6266e-05 8.6266e-05 
-46.4687 0.00010992 0.00010992 
-43.8673 0.000141922 0.000141922 
-41.2659 0.000157227 0.000157227 
-38.6645 0.000201751 0.000201751 
-36.0631 0.000269929 0.000269929 
-33.4617 0.000353412 0.000353412 
-30.8603 0.000404894 0.000404894 
-28.2589 0.000588557 0.000588557 
-25.6575 0.000762481 0.000762481 
-23.0561 0.00102128 0.00102128 
-20.4547 0.00136634 0.00136634 
-17.8532 0.0017768 0.0017768 
-15.2518 0.00245302 0.00245302 
-12.6504 0.00384162 0.00384162 
-10.049 0.00530675 0.00530675 
-7.44761 0.00782516 0.00782516 
-4.8462 0.0128703 0.0128703 
-2.2448 0.0282619 0.0282619 
0.356614 0.163786 0.163786 
2.95802 0.0716523 0.0716523 
5.55943 0.0246123 0.0246123 
8.16084 0.0155084 0.0155084 
10.7623 0.0112188 0.0112188 
13.3637 0.00821614 0.00821614 
15.9651 0.00616802 0.00616802 
18.5665 0.00412407 0.00412407 
21.1679 0.00286765 0.00286765 
23.7693 0.00193681 0.00193681 
26.3707 0.00124668 0.00124668 
28.9721 0.000843181 0.000843181 
31.5735 0.000589948 0.000589948 
34.1749 0.000493943 0.000493943 
36.7763 0.000420199 0.000420199 
39.3778 0.000324193 0.000324193 
41.9792 0.000258798 0.000258798 
44.5806 0.000237927 0.000237927 
47.182 0.00018088 0.00018088 
49.7834 0.000166967 0.000166967 
52.3848 0.000137747 0.000137747 
54.9862 0.000105745 0.000105745 
57.5876 0.00010018 0.00010018 
60.189 7.23522e-05 7.23522e-05 
62.7904 6.95694e-05 6.95694e-05 
65.3918 7.79177e-05 7.79177e-05 
67.9933 6.12211e-05 6.12211e-05 
70.5947 6.40038e-05 6.40038e-05 
73.1961 5.009e-05 5.009e-05 
75.7975 3.75675e-05 3.75675e-05 
78.3989 3.75675e-05 3.75675e-05 
81.0003 2.92191e-05 2.92191e-05 
83.6017 1.66967e-05 1.66967e-05 
86.2031 2.08708e-05 2.08708e-05 
88.8045 2.22622e-05 2.22622e-05 
91.4059 2.78278e-05 2.78278e-05 
94.0073 2.08708e-05 2.08708e-05 
96.6088 9.73971e-06 9.73971e-06 
99.2102 1.66967e-05 1.66967e-05 
101.812 8.34833e-06 8.34833e-06 
104.413 8.34833e-06 8.34833e-06 
107.014 1.39139e-05 1.39139e-05 
109.616 9.73971e-06 9.73971e-06 
112.217 5.56555e-06 5.56555e-06 
114.819 6.95694e-06 6.95694e-06 
117.42 5.56555e-06 5.56555e-06 
120.021 5.56555e-06 5.56555e-06 
122.623 1.39139e-06 1.39139e-06 
125.224 8.34833e-06 8.34833e-06 
127.826 1.11311e-05 1.11311e-05 
130.427 5.56555e-06 5.56555e-06 
133.028 5.56555e-06 5.56555e-06 
135.63 1.39139e-06 1.39139e-06 
138.231 8.34833e-06 8.34833e-06 
140.833 2.78278e-06 2.78278e-06 
143.434 5.56555e-06 5.56555e-06 
146.036 9.73971e-06 9.73971e-06 
148.637 1.39139e-06 1.39139e-06 
151.238 4.17416e-06 4.17416e-06 
153.84 5.56555e-06 5.56555e-06 
156.441 4.17416e-06 4.17416e-06 
159.043 2.78278e-06 2.78278e-06 
161.644 4.17416e-06 4.17416e-06 
164.245 0 0 
166.847 0 0 
169.448 0 0 
172.05 0 0 
174.651 0 0 
177.252 1.39139e-06 1.39139e-06 




x=mag(U)/U_D 	 PDF 	 dV/Vdx
1.28437 0.0991639 0.0991639 
3.85312 0.0713318 0.0713318 
6.42187 0.0413043 0.0413043 
8.99062 0.0283619 0.0283619 
11.5594 0.0212376 0.0212376 
14.1281 0.0174768 0.0174768 
16.6969 0.0151969 0.0151969 
19.2656 0.0126902 0.0126902 
21.8344 0.0109654 0.0109654 
24.4031 0.00950423 0.00950423 
26.9719 0.00837838 0.00837838 
29.5406 0.00726662 0.00726662 
32.1094 0.00654094 0.00654094 
34.6781 0.00546159 0.00546159 
37.2469 0.00454991 0.00454991 
39.8156 0.00375097 0.00375097 
42.3844 0.00309856 0.00309856 
44.9531 0.00252366 0.00252366 
47.5219 0.00217139 0.00217139 
50.0906 0.00174021 0.00174021 
52.6594 0.00166694 0.00166694 
55.2281 0.00138794 0.00138794 
57.7969 0.00133722 0.00133722 
60.3656 0.00107794 0.00107794 
62.9344 0.000996218 0.000996218 
65.5031 0.000944082 0.000944082 
68.0719 0.000752448 0.000752448 
70.6406 0.000673539 0.000673539 
73.2094 0.000641131 0.000641131 
75.7781 0.000560813 0.000560813 
78.3469 0.000450905 0.000450905 
80.9156 0.000446678 0.000446678 
83.4844 0.000435405 0.000435405 
86.0531 0.000384678 0.000384678 
88.6219 0.000370588 0.000370588 
91.1906 0.000348042 0.000348042 
93.7593 0.000267725 0.000267725 
96.3281 0.000298725 0.000298725 
98.8968 0.000231089 0.000231089 
101.466 0.000238134 0.000238134 
104.034 0.000181771 0.000181771 
106.603 0.000201498 0.000201498 
109.172 0.000173317 0.000173317 
111.741 0.000160635 0.000160635 
114.309 0.000157817 0.000157817 
116.878 0.000142317 0.000142317 
119.447 0.000112726 0.000112726 
122.016 0.000108499 0.000108499 
124.584 9.29992e-05 9.29992e-05 
127.153 0.000126817 0.000126817 
129.722 9.58173e-05 9.58173e-05 
132.291 0.00010709 0.00010709 
134.859 9.58173e-05 9.58173e-05 
137.428 8.17265e-05 8.17265e-05 
139.997 7.89084e-05 7.89084e-05 
142.566 7.89084e-05 7.89084e-05 
145.134 7.32721e-05 7.32721e-05 
147.703 6.62267e-05 6.62267e-05 
150.272 6.76358e-05 6.76358e-05 
152.841 5.77722e-05 5.77722e-05 
155.409 5.3545e-05 5.3545e-05 
157.978 4.79087e-05 4.79087e-05 
160.547 4.50905e-05 4.50905e-05 
163.116 3.80451e-05 3.80451e-05 
165.684 3.80451e-05 3.80451e-05 
168.253 3.5227e-05 3.5227e-05 
170.822 4.36814e-05 4.36814e-05 
173.391 3.38179e-05 3.38179e-05 
175.959 3.38179e-05 3.38179e-05 
178.528 3.24088e-05 3.24088e-05 
181.097 3.5227e-05 3.5227e-05 
183.666 3.5227e-05 3.5227e-05 
186.234 2.53634e-05 2.53634e-05 
188.803 2.25453e-05 2.25453e-05 
191.372 2.53634e-05 2.53634e-05 
193.941 2.11362e-05 2.11362e-05 
196.509 2.39543e-05 2.39543e-05 
199.078 1.26817e-05 1.26817e-05 
201.647 2.53634e-05 2.53634e-05 
204.216 7.04539e-06 7.04539e-06 
206.784 1.40908e-05 1.40908e-05 
209.353 1.54999e-05 1.54999e-05 
211.922 1.12726e-05 1.12726e-05 
214.491 9.86355e-06 9.86355e-06 
217.059 1.8318e-05 1.8318e-05 
219.628 1.12726e-05 1.12726e-05 
222.197 1.12726e-05 1.12726e-05 
224.766 1.40908e-06 1.40908e-06 
227.334 5.63631e-06 5.63631e-06 
229.903 4.22723e-06 4.22723e-06 
232.472 7.04539e-06 7.04539e-06 
235.041 1.40908e-06 1.40908e-06 
237.609 5.63631e-06 5.63631e-06 
240.178 2.81816e-06 2.81816e-06 
242.747 2.81816e-06 2.81816e-06 
245.316 0 0 
247.884 5.63631e-06 5.63631e-06 
250.453 1.40908e-06 1.40908e-06 
253.022 2.81816e-06 2.81816e-06 
255.591 2.81816e-06 2.81816e-06 
258.159 2.81816e-06 2.81816e-06 
260.728 0 0 
263.297 2.81816e-06 2.81816e-06 
265.866 0 0 
268.434 0 0 
271.003 0 0 
273.572 0 0 
276.141 1.40908e-06 1.40908e-06 
278.709 2.81816e-06 2.81816e-06 
281.278 2.81816e-06 2.81816e-06 
283.847 1.40908e-06 1.40908e-06 
286.416 2.81816e-06 2.81816e-06 
288.984 2.81816e-06 2.81816e-06 
291.553 1.40908e-06 1.40908e-06 
294.122 0 0 
296.691 0 0 
299.259 0 0 
301.828 2.81816e-06 2.81816e-06 
304.397 1.40908e-06 1.40908e-06 
306.966 1.40908e-06 1.40908e-06 
309.534 1.40908e-06 1.40908e-06 
312.103 1.40908e-06 1.40908e-06 
314.672 0 0 
317.241 0 0 
319.809 1.40908e-06 1.40908e-06 
322.378 1.40908e-06 1.40908e-06 
324.947 1.40908e-06 1.40908e-06 
327.516 2.81816e-06 2.81816e-06 


