berea_generated_56-1-Y/processor0	effPorosity= 0.192969 		K_y= 8.94989e-14 m^2 		FF_y= 40.9679 		DarcyVelocity= 3.49605e-07 m/s 		DelP= 1 Pa 		K: 8.94989e-14 m^2 			K=( 0  8.94989e-14  0 ) Pmax-Pmin: 1.00605 Umax= 0.000159292		 effPorosity= V_pore/(L_x*L_y*L_z)= 3.23749e-12/(0.000256*0.000256*0.000256)= 0.192969		 Re=rho*VDarcy*sqrt(K)/mu= 1000*3.49605e-07*sqrt(8.94989e-14 )/0.001)= 1.04589e-07


x=mag(U)/U_D 	 PDF 	 dV/Vdx 	 PDF(log10(x)) 	 dV/Vd(log10(x))
2.24638e-13 3.97923e+07 3.97923e+07 2.05825e-05 2.05825e-05 
2.96169e-13 0 0 0 0 
3.90477e-13 0 0 0 0 
5.14815e-13 0 0 0 0 
6.78746e-13 0 0 0 0 
8.94876e-13 2.99668e+07 2.99668e+07 6.17475e-05 6.17475e-05 
1.17983e-12 1.51528e+07 1.51528e+07 4.1165e-05 4.1165e-05 
1.55552e-12 1.14931e+07 1.14931e+07 4.1165e-05 4.1165e-05 
2.05084e-12 1.74346e+07 1.74346e+07 8.233e-05 8.233e-05 
2.70388e-12 3.30595e+07 3.30595e+07 0.000205825 0.000205825 
3.56486e-12 4.51349e+07 4.51349e+07 0.000370485 0.000370485 
4.70001e-12 4.75471e+07 4.75471e+07 0.000514563 0.000514563 
6.19662e-12 4.18337e+07 4.18337e+07 0.000596893 0.000596893 
8.16978e-12 4.92362e+07 4.92362e+07 0.000926213 0.000926213 
1.07713e-11 6.39009e+07 6.39009e+07 0.00158485 0.00158485 
1.42011e-11 5.85387e+07 5.85387e+07 0.00191417 0.00191417 
1.87231e-11 4.96521e+07 4.96521e+07 0.00214058 0.00214058 
2.46851e-11 4.20055e+07 4.20055e+07 0.00238757 0.00238757 
3.25454e-11 3.37829e+07 3.37829e+07 0.00253165 0.00253165 
4.29088e-11 2.74986e+07 2.74986e+07 0.00271689 0.00271689 
5.65721e-11 2.19632e+07 2.19632e+07 0.00286097 0.00286097 
7.45861e-11 2.07334e+07 2.07334e+07 0.00356077 0.00356077 
9.83363e-11 1.51805e+07 1.51805e+07 0.00343728 0.00343728 
1.29649e-10 1.35825e+07 1.35825e+07 0.00405475 0.00405475 
1.70933e-10 1.11387e+07 1.11387e+07 0.00438407 0.00438407 
2.25363e-10 8.17086e+06 8.17086e+06 0.00424 0.00424 
2.97124e-10 6.73896e+06 6.73896e+06 0.00461048 0.00461048 
3.91736e-10 5.17982e+06 5.17982e+06 0.00467223 0.00467223 
5.16475e-10 3.68648e+06 3.68648e+06 0.00438407 0.00438407 
6.80935e-10 3.11118e+06 3.11118e+06 0.00487805 0.00487805 
8.97763e-10 2.41951e+06 2.41951e+06 0.00500155 0.00500155 
1.18363e-09 1.8578e+06 1.8578e+06 0.0050633 0.0050633 
1.56053e-09 1.36901e+06 1.36901e+06 0.00491922 0.00491922 
2.05745e-09 1.25994e+06 1.25994e+06 0.00596893 0.00596893 
2.7126e-09 1.01825e+06 1.01825e+06 0.00635999 0.00635999 
3.57636e-09 822313 822313 0.00677164 0.00677164 
4.71517e-09 608542 608542 0.00660698 0.00660698 
6.2166e-09 555030 555030 0.00794485 0.00794485 
8.19614e-09 458060 458060 0.00864465 0.00864465 
1.0806e-08 310205 310205 0.00771844 0.00771844 
1.42469e-08 258499 258499 0.00847999 0.00847999 
1.87835e-08 207012 207012 0.00895339 0.00895339 
2.47647e-08 156653 156653 0.00893281 0.00893281 
3.26504e-08 119092 119092 0.00895339 0.00895339 
4.30472e-08 90328.9 90328.9 0.00895339 0.00895339 
5.67546e-08 71977.7 71977.7 0.0094062 0.0094062 
7.48267e-08 49098.4 49098.4 0.00845941 0.00845941 
9.86535e-08 37058.9 37058.9 0.00841824 0.00841824 
1.30067e-07 29070.6 29070.6 0.0087064 0.0087064 
1.71484e-07 22205.9 22205.9 0.00876815 0.00876815 
2.2609e-07 10635.4 10635.4 0.00553669 0.00553669 
2.98082e-07 6837.24 6837.24 0.00469281 0.00469281 
3.93e-07 5390.62 5390.62 0.00487805 0.00487805 
5.18141e-07 4261.19 4261.19 0.00508388 0.00508388 
6.83131e-07 3676.92 3676.92 0.00578368 0.00578368 
9.00659e-07 2501.05 2501.05 0.00518679 0.00518679 
1.18745e-06 1829.25 1829.25 0.00500155 0.00500155 
1.56557e-06 1318.93 1318.93 0.00475456 0.00475456 
2.06409e-06 965.738 965.738 0.0045899 0.0045899 
2.72135e-06 834.319 834.319 0.00522796 0.00522796 
3.5879e-06 565.547 565.547 0.00467223 0.00467223 
4.73038e-06 489.425 489.425 0.00533087 0.00533087 
6.23666e-06 335.387 335.387 0.00481631 0.00481631 
8.22257e-06 273.952 273.952 0.00518679 0.00518679 
1.08409e-05 172.332 172.332 0.00430174 0.00430174 
1.42929e-05 149.472 149.472 0.00491922 0.00491922 
1.88441e-05 108.628 108.628 0.00471339 0.00471339 
2.48446e-05 92.8262 92.8262 0.00531029 0.00531029 
3.27557e-05 67.6779 67.6779 0.00510446 0.00510446 
4.3186e-05 54.851 54.851 0.00545436 0.00545436 
5.69376e-05 40.1905 40.1905 0.00526912 0.00526912 
7.50681e-05 38.819 38.819 0.0067099 0.0067099 
9.89718e-05 26.0114 26.0114 0.00592776 0.00592776 
0.000130487 23.6338 23.6338 0.00710096 0.00710096 
0.000172038 17.2503 17.2503 0.00683339 0.00683339 
0.000226819 13.3993 13.3993 0.00699805 0.00699805 
0.000299044 11.0598 11.0598 0.00761553 0.00761553 
0.000394268 9.04616 9.04616 0.00821242 0.00821242 
0.000519813 7.06769 7.06769 0.00845941 0.00845941 
0.000685335 6.1172 6.1172 0.00965319 0.00965319 
0.000903564 5.04538 5.04538 0.0104971 0.0104971 
0.00119128 4.202 4.202 0.0115262 0.0115262 
0.00157062 3.8587 3.8587 0.0139549 0.0139549 
0.00207075 2.91812 2.91812 0.0139138 0.0139138 
0.00273013 2.55384 2.55384 0.0160544 0.0160544 
0.00359947 2.08853 2.08853 0.0173099 0.0173099 
0.00474564 1.9062 1.9062 0.0208295 0.0208295 
0.00625677 1.54011 1.54011 0.0221879 0.0221879 
0.0082491 1.35344 1.35344 0.0257075 0.0257075 
0.0108758 1.10299 1.10299 0.0276217 0.0276217 
0.014339 0.916392 0.916392 0.0302563 0.0302563 
0.0189049 0.823203 0.823203 0.0358341 0.0358341 
0.0249247 0.709379 0.709379 0.0407122 0.0407122 
0.0328614 0.626455 0.626455 0.0474015 0.0474015 
0.0433254 0.558094 0.558094 0.0556757 0.0556757 
0.0571213 0.489029 0.489029 0.0643203 0.0643203 
0.0753102 0.422076 0.422076 0.0731914 0.0731914 
0.099291 0.356147 0.356147 0.0814244 0.0814244 
0.130908 0.319772 0.319772 0.0963879 0.0963879 
0.172592 0.286201 0.286201 0.113739 0.113739 
0.22755 0.254515 0.254515 0.133354 0.133354 
0.300009 0.22427 0.22427 0.154924 0.154924 
0.395539 0.197223 0.197223 0.179623 0.179623 
0.52149 0.170879 0.170879 0.205187 0.205187 
0.687546 0.144729 0.144729 0.229124 0.229124 
0.906479 0.125177 0.125177 0.261274 0.261274 
1.19513 0.107599 0.107599 0.2961 0.2961 
1.57569 0.0896561 0.0896561 0.325286 0.325286 
2.07743 0.0737209 0.0737209 0.35264 0.35264 
2.73893 0.0597767 0.0597767 0.376989 0.376989 
3.61108 0.0493644 0.0493644 0.410456 0.410456 
4.76095 0.0396555 0.0396555 0.434723 0.434723 
6.27696 0.0314536 0.0314536 0.454606 0.454606 
8.27571 0.0256769 0.0256769 0.489287 0.489287 
10.9109 0.0208813 0.0208813 0.524607 0.524607 
14.3852 0.0162171 0.0162171 0.537162 0.537162 
18.9659 0.0116084 0.0116084 0.506947 0.506947 
25.0051 0.00716393 0.00716393 0.412473 0.412473 
32.9674 0.00400315 0.00400315 0.30388 0.30388 
43.4651 0.00217399 0.00217399 0.217578 0.217578 
57.3056 0.00103996 0.00103996 0.137224 0.137224 
75.5532 0.000483306 0.000483306 0.0840795 0.0840795 
99.6113 0.000221293 0.000221293 0.0507564 0.0507564 
131.33 8.46036e-05 8.46036e-05 0.025584 0.025584 
173.149 3.28336e-05 3.28336e-05 0.0130905 0.0130905 
228.285 1.27651e-05 1.27651e-05 0.0067099 0.0067099 
300.976 3.56395e-06 3.56395e-06 0.0024699 0.0024699 
396.815 1.30654e-06 1.30654e-06 0.00119379 0.00119379 




x=U_x/U_D 	 PDF 	 dV/Vdx
-119.142 8.78441e-07 8.78441e-07 
-116.329 1.75688e-06 1.75688e-06 
-113.516 0 0 
-110.703 4.39221e-06 4.39221e-06 
-107.89 1.75688e-06 1.75688e-06 
-105.077 4.39221e-06 4.39221e-06 
-102.264 5.27065e-06 5.27065e-06 
-99.4513 6.14909e-06 6.14909e-06 
-96.6383 5.27065e-06 5.27065e-06 
-93.8253 6.14909e-06 6.14909e-06 
-91.0123 6.14909e-06 6.14909e-06 
-88.1993 8.78441e-06 8.78441e-06 
-85.3863 1.58119e-05 1.58119e-05 
-82.5733 2.1961e-05 2.1961e-05 
-79.7603 1.84473e-05 1.84473e-05 
-76.9473 2.81101e-05 2.81101e-05 
-74.1343 2.45964e-05 2.45964e-05 
-71.3213 3.16239e-05 3.16239e-05 
-68.5083 2.89886e-05 2.89886e-05 
-65.6953 4.04083e-05 4.04083e-05 
-62.8823 5.09496e-05 5.09496e-05 
-60.0693 5.00712e-05 5.00712e-05 
-57.2564 5.27065e-05 5.27065e-05 
-54.4434 7.90597e-05 7.90597e-05 
-51.6304 8.60873e-05 8.60873e-05 
-48.8174 0.000121225 0.000121225 
-46.0044 0.000161633 0.000161633 
-43.1914 0.000210826 0.000210826 
-40.3784 0.000313604 0.000313604 
-37.5654 0.000424287 0.000424287 
-34.7524 0.000519159 0.000519159 
-31.9394 0.000587677 0.000587677 
-29.1264 0.000806409 0.000806409 
-26.3134 0.00106467 0.00106467 
-23.5004 0.00134314 0.00134314 
-20.6874 0.00184736 0.00184736 
-17.8744 0.00255539 0.00255539 
-15.0614 0.00362708 0.00362708 
-12.2484 0.00515206 0.00515206 
-9.43543 0.0077013 0.0077013 
-6.62243 0.0118203 0.0118203 
-3.80944 0.020256 0.020256 
-0.996444 0.0491936 0.0491936 
1.81655 0.187864 0.187864 
4.62955 0.0239656 0.0239656 
7.44254 0.0112783 0.0112783 
10.2555 0.00734728 0.00734728 
13.0685 0.00487184 0.00487184 
15.8815 0.00339518 0.00339518 
18.6945 0.00244119 0.00244119 
21.5075 0.00159525 0.00159525 
24.3205 0.00112177 0.00112177 
27.1335 0.000847696 0.000847696 
29.9465 0.000606125 0.000606125 
32.7595 0.000411989 0.000411989 
35.5725 0.000292521 0.000292521 
38.3855 0.000225759 0.000225759 
41.1985 0.000177445 0.000177445 
44.0115 0.000142308 0.000142308 
46.8245 9.66286e-05 9.66286e-05 
49.6375 7.29106e-05 7.29106e-05 
52.4505 5.70987e-05 5.70987e-05 
55.2635 4.65574e-05 4.65574e-05 
58.0765 4.21652e-05 4.21652e-05 
60.8895 3.16239e-05 3.16239e-05 
63.7025 2.89886e-05 2.89886e-05 
66.5154 1.93257e-05 1.93257e-05 
69.3284 1.84473e-05 1.84473e-05 
72.1414 1.22982e-05 1.22982e-05 
74.9544 1.31766e-05 1.31766e-05 
77.7674 8.78441e-06 8.78441e-06 
80.5804 7.90597e-06 7.90597e-06 
83.3934 1.22982e-05 1.22982e-05 
86.2064 1.40551e-05 1.40551e-05 
89.0194 6.14909e-06 6.14909e-06 
91.8324 2.63532e-06 2.63532e-06 
94.6454 5.27065e-06 5.27065e-06 
97.4584 8.78441e-06 8.78441e-06 
100.271 7.90597e-06 7.90597e-06 
103.084 7.02753e-06 7.02753e-06 
105.897 5.27065e-06 5.27065e-06 
108.71 2.63532e-06 2.63532e-06 
111.523 7.02753e-06 7.02753e-06 
114.336 0 0 
117.149 2.63532e-06 2.63532e-06 
119.962 6.14909e-06 6.14909e-06 
122.775 5.27065e-06 5.27065e-06 
125.588 1.75688e-06 1.75688e-06 
128.401 2.63532e-06 2.63532e-06 
131.214 8.78441e-07 8.78441e-07 
134.027 7.02753e-06 7.02753e-06 
136.84 5.27065e-06 5.27065e-06 
139.653 5.27065e-06 5.27065e-06 
142.466 1.75688e-06 1.75688e-06 
145.279 6.14909e-06 6.14909e-06 
148.092 8.78441e-07 8.78441e-07 
150.905 8.78441e-07 8.78441e-07 
153.718 1.75688e-06 1.75688e-06 
156.531 1.75688e-06 1.75688e-06 
159.344 1.75688e-06 1.75688e-06 
162.157 1.75688e-06 1.75688e-06 
164.97 0 0 
167.783 4.39221e-06 4.39221e-06 
170.596 0 0 
173.409 4.39221e-06 4.39221e-06 
176.222 8.78441e-07 8.78441e-07 
179.035 2.63532e-06 2.63532e-06 
181.848 4.39221e-06 4.39221e-06 
184.661 1.75688e-06 1.75688e-06 
187.474 2.63532e-06 2.63532e-06 
190.287 1.75688e-06 1.75688e-06 
193.1 8.78441e-07 8.78441e-07 
195.913 0 0 
198.726 8.78441e-07 8.78441e-07 
201.539 8.78441e-07 8.78441e-07 
204.352 0 0 
207.165 1.75688e-06 1.75688e-06 
209.978 0 0 
212.791 0 0 
215.604 1.75688e-06 1.75688e-06 
218.417 0 0 
221.23 8.78441e-07 8.78441e-07 
224.043 1.75688e-06 1.75688e-06 
226.856 0 0 
229.669 8.78441e-07 8.78441e-07 
232.482 8.78441e-07 8.78441e-07 
235.295 0 0 
238.108 8.78441e-07 8.78441e-07 




x=U_y/U_D 	 PDF 	 dV/Vdx
-105.06 6.26994e-07 6.26994e-07 
-101.119 6.26994e-07 6.26994e-07 
-97.1776 0 0 
-93.2365 0 0 
-89.2954 0 0 
-85.3543 0 0 
-81.4132 1.25399e-06 1.25399e-06 
-77.4721 0 0 
-73.531 0 0 
-69.5899 6.26994e-07 6.26994e-07 
-65.6487 0 0 
-61.7076 0 0 
-57.7665 6.26994e-07 6.26994e-07 
-53.8254 2.50797e-06 2.50797e-06 
-49.8843 2.50797e-06 2.50797e-06 
-45.9432 1.88098e-06 1.88098e-06 
-42.0021 1.88098e-06 1.88098e-06 
-38.061 6.89693e-06 6.89693e-06 
-34.1199 2.25718e-05 2.25718e-05 
-30.1787 4.13816e-05 4.13816e-05 
-26.2376 5.07865e-05 5.07865e-05 
-22.2965 0.000138566 0.000138566 
-18.3554 0.000243901 0.000243901 
-14.4143 0.000411935 0.000411935 
-10.4732 0.000707876 0.000707876 
-6.53207 0.00126778 0.00126778 
-2.59096 0.00393 0.00393 
1.35015 0.124852 0.124852 
5.29126 0.0505714 0.0505714 
9.23237 0.0241361 0.0241361 
13.1735 0.0142064 0.0142064 
17.1146 0.00906131 0.00906131 
21.0557 0.00575329 0.00575329 
24.9968 0.00417766 0.00417766 
28.9379 0.00299891 0.00299891 
32.879 0.00218821 0.00218821 
36.8201 0.00168661 0.00168661 
40.7613 0.00125148 0.00125148 
44.7024 0.00106652 0.00106652 
48.6435 0.00078625 0.00078625 
52.5846 0.000627621 0.000627621 
56.5257 0.000503476 0.000503476 
60.4668 0.000407546 0.000407546 
64.4079 0.000354878 0.000354878 
68.349 0.000280266 0.000280266 
72.2901 0.000230734 0.000230734 
76.2313 0.000194368 0.000194368 
80.1724 0.000179947 0.000179947 
84.1135 0.000137312 0.000137312 
88.0546 0.000137312 0.000137312 
91.9957 9.9065e-05 9.9065e-05 
95.9368 9.21681e-05 9.21681e-05 
99.8779 8.33902e-05 8.33902e-05 
103.819 7.77472e-05 7.77472e-05 
107.76 8.15092e-05 8.15092e-05 
111.701 6.83423e-05 6.83423e-05 
115.642 6.20724e-05 6.20724e-05 
119.583 5.83104e-05 5.83104e-05 
123.525 4.95325e-05 4.95325e-05 
127.466 3.76196e-05 3.76196e-05 
131.407 3.88736e-05 3.88736e-05 
135.348 2.82147e-05 2.82147e-05 
139.289 2.88417e-05 2.88417e-05 
143.23 2.31988e-05 2.31988e-05 
147.171 2.44528e-05 2.44528e-05 
151.112 2.06908e-05 2.06908e-05 
155.053 1.63018e-05 1.63018e-05 
158.995 1.88098e-05 1.88098e-05 
162.936 2.06908e-05 2.06908e-05 
166.877 1.50478e-05 1.50478e-05 
170.818 1.50478e-05 1.50478e-05 
174.759 1.56748e-05 1.56748e-05 
178.7 1.56748e-05 1.56748e-05 
182.641 6.89693e-06 6.89693e-06 
186.582 1.06589e-05 1.06589e-05 
190.523 8.15092e-06 8.15092e-06 
194.465 7.52392e-06 7.52392e-06 
198.406 3.13497e-06 3.13497e-06 
202.347 7.52392e-06 7.52392e-06 
206.288 6.89693e-06 6.89693e-06 
210.229 3.13497e-06 3.13497e-06 
214.17 3.13497e-06 3.13497e-06 
218.111 1.88098e-06 1.88098e-06 
222.052 6.26994e-07 6.26994e-07 
225.993 6.26994e-07 6.26994e-07 
229.935 1.88098e-06 1.88098e-06 
233.876 1.25399e-06 1.25399e-06 
237.817 1.25399e-06 1.25399e-06 
241.758 5.64294e-06 5.64294e-06 
245.699 6.26994e-06 6.26994e-06 
249.64 0 0 
253.581 2.50797e-06 2.50797e-06 
257.522 1.88098e-06 1.88098e-06 
261.463 6.26994e-07 6.26994e-07 
265.405 2.50797e-06 2.50797e-06 
269.346 6.26994e-07 6.26994e-07 
273.287 6.26994e-07 6.26994e-07 
277.228 2.50797e-06 2.50797e-06 
281.169 3.13497e-06 3.13497e-06 
285.11 0 0 
289.051 1.25399e-06 1.25399e-06 
292.992 4.38896e-06 4.38896e-06 
296.933 0 0 
300.875 2.50797e-06 2.50797e-06 
304.816 1.25399e-06 1.25399e-06 
308.757 1.25399e-06 1.25399e-06 
312.698 2.50797e-06 2.50797e-06 
316.639 1.25399e-06 1.25399e-06 
320.58 1.25399e-06 1.25399e-06 
324.521 0 0 
328.462 1.88098e-06 1.88098e-06 
332.403 6.26994e-07 6.26994e-07 
336.345 1.25399e-06 1.25399e-06 
340.286 1.25399e-06 1.25399e-06 
344.227 0 0 
348.168 6.26994e-07 6.26994e-07 
352.109 6.26994e-07 6.26994e-07 
356.05 1.25399e-06 1.25399e-06 
359.991 0 0 
363.932 6.26994e-07 6.26994e-07 
367.873 0 0 
371.815 6.26994e-07 6.26994e-07 
375.756 1.25399e-06 1.25399e-06 
379.697 1.25399e-06 1.25399e-06 
383.638 6.26994e-07 6.26994e-07 
387.579 6.26994e-07 6.26994e-07 
391.52 6.26994e-07 6.26994e-07 
395.461 6.26994e-07 6.26994e-07 




x=U_z/U_D 	 PDF 	 dV/Vdx
-190.567 7.87161e-07 7.87161e-07 
-187.428 7.87161e-07 7.87161e-07 
-184.289 0 0 
-181.149 3.93581e-06 3.93581e-06 
-178.01 1.57432e-06 1.57432e-06 
-174.871 7.87161e-07 7.87161e-07 
-171.732 1.57432e-06 1.57432e-06 
-168.593 1.57432e-06 1.57432e-06 
-165.453 3.14864e-06 3.14864e-06 
-162.314 5.51013e-06 5.51013e-06 
-159.175 1.57432e-06 1.57432e-06 
-156.036 6.29729e-06 6.29729e-06 
-152.897 1.57432e-06 1.57432e-06 
-149.757 5.51013e-06 5.51013e-06 
-146.618 3.14864e-06 3.14864e-06 
-143.479 5.51013e-06 5.51013e-06 
-140.34 7.08445e-06 7.08445e-06 
-137.201 5.51013e-06 5.51013e-06 
-134.062 7.08445e-06 7.08445e-06 
-130.922 9.44593e-06 9.44593e-06 
-127.783 7.87161e-06 7.87161e-06 
-124.644 4.72297e-06 4.72297e-06 
-121.505 1.33817e-05 1.33817e-05 
-118.366 1.02331e-05 1.02331e-05 
-115.226 1.65304e-05 1.65304e-05 
-112.087 8.65877e-06 8.65877e-06 
-108.948 1.65304e-05 1.65304e-05 
-105.809 1.41689e-05 1.41689e-05 
-102.67 1.49561e-05 1.49561e-05 
-99.5304 1.57432e-05 1.57432e-05 
-96.3912 1.88919e-05 1.88919e-05 
-93.252 2.51892e-05 2.51892e-05 
-90.1128 2.20405e-05 2.20405e-05 
-86.9736 2.28277e-05 2.28277e-05 
-83.8344 2.67635e-05 2.67635e-05 
-80.6952 3.69966e-05 3.69966e-05 
-77.556 2.75506e-05 2.75506e-05 
-74.4168 3.22736e-05 3.22736e-05 
-71.2776 4.09324e-05 4.09324e-05 
-68.1384 5.11655e-05 5.11655e-05 
-64.9992 5.3527e-05 5.3527e-05 
-61.86 5.66756e-05 5.66756e-05 
-58.7208 7.08445e-05 7.08445e-05 
-55.5817 8.50134e-05 8.50134e-05 
-52.4425 9.52465e-05 9.52465e-05 
-49.3033 0.000141689 0.000141689 
-46.1641 0.000189706 0.000189706 
-43.0249 0.000257402 0.000257402 
-39.8857 0.000284165 0.000284165 
-36.7465 0.000332182 0.000332182 
-33.6073 0.000390432 0.000390432 
-30.4681 0.000473084 0.000473084 
-27.3289 0.000635239 0.000635239 
-24.1897 0.000846198 0.000846198 
-21.0505 0.00118074 0.00118074 
-17.9113 0.00170027 0.00170027 
-14.7721 0.00275113 0.00275113 
-11.6329 0.00446556 0.00446556 
-8.49374 0.00762287 0.00762287 
-5.35454 0.0137989 0.0137989 
-2.21535 0.0301459 0.0301459 
0.923848 0.175161 0.175161 
4.06304 0.0377948 0.0377948 
7.20224 0.015559 0.015559 
10.3414 0.00825811 0.00825811 
13.4806 0.00440102 0.00440102 
16.6198 0.00248979 0.00248979 
19.759 0.0018207 0.0018207 
22.8982 0.00128622 0.00128622 
26.0374 0.0010422 0.0010422 
29.1766 0.000850134 0.000850134 
32.3158 0.00067381 0.00067381 
35.455 0.000516378 0.000516378 
38.5942 0.000386496 0.000386496 
41.7334 0.000338479 0.000338479 
44.8726 0.00029125 0.00029125 
48.0118 0.000173175 0.000173175 
51.151 0.000167665 0.000167665 
54.2902 0.000148773 0.000148773 
57.4293 0.000121223 0.000121223 
60.5685 9.83951e-05 9.83951e-05 
63.7077 8.18647e-05 8.18647e-05 
66.8469 8.18647e-05 8.18647e-05 
69.9861 6.76959e-05 6.76959e-05 
73.1253 5.3527e-05 5.3527e-05 
76.2645 6.06114e-05 6.06114e-05 
79.4037 4.17195e-05 4.17195e-05 
82.5429 3.93581e-05 3.93581e-05 
85.6821 4.48682e-05 4.48682e-05 
88.8213 4.25067e-05 4.25067e-05 
91.9605 2.9125e-05 2.9125e-05 
95.0997 3.69966e-05 3.69966e-05 
98.2389 2.67635e-05 2.67635e-05 
101.378 2.12533e-05 2.12533e-05 
104.517 1.41689e-05 1.41689e-05 
107.656 2.4402e-05 2.4402e-05 
110.796 1.9679e-05 1.9679e-05 
113.935 1.41689e-05 1.41689e-05 
117.074 2.36148e-05 2.36148e-05 
120.213 1.81047e-05 1.81047e-05 
123.352 1.81047e-05 1.81047e-05 
126.492 1.41689e-05 1.41689e-05 
129.631 1.18074e-05 1.18074e-05 
132.77 1.18074e-05 1.18074e-05 
135.909 1.10203e-05 1.10203e-05 
139.048 9.44593e-06 9.44593e-06 
142.188 5.51013e-06 5.51013e-06 
145.327 8.65877e-06 8.65877e-06 
148.466 1.10203e-05 1.10203e-05 
151.605 1.10203e-05 1.10203e-05 
154.744 3.93581e-06 3.93581e-06 
157.884 5.51013e-06 5.51013e-06 
161.023 5.51013e-06 5.51013e-06 
164.162 5.51013e-06 5.51013e-06 
167.301 3.93581e-06 3.93581e-06 
170.44 1.57432e-06 1.57432e-06 
173.58 2.36148e-06 2.36148e-06 
176.719 7.87161e-07 7.87161e-07 
179.858 2.36148e-06 2.36148e-06 
182.997 1.57432e-06 1.57432e-06 
186.136 3.14864e-06 3.14864e-06 
189.276 7.87161e-07 7.87161e-07 
192.415 0 0 
195.554 7.87161e-07 7.87161e-07 
198.693 7.87161e-07 7.87161e-07 
201.832 2.36148e-06 2.36148e-06 
204.971 0 0 
208.111 1.57432e-06 1.57432e-06 




x=mag(U)/U_D 	 PDF 	 dV/Vdx
1.77982 0.105867 0.105867 
5.33946 0.054177 0.054177 
8.89911 0.030127 0.030127 
12.4587 0.0220397 0.0220397 
16.0184 0.0161461 0.0161461 
19.578 0.0120115 0.0120115 
23.1377 0.00862456 0.00862456 
26.6973 0.00625947 0.00625947 
30.257 0.00464688 0.00464688 
33.8166 0.00363475 0.00363475 
37.3762 0.00287809 0.00287809 
40.9359 0.00226513 0.00226513 
44.4955 0.00191318 0.00191318 
48.0552 0.00148278 0.00148278 
51.6148 0.00119816 0.00119816 
55.1745 0.000970471 0.000970471 
58.7341 0.000797619 0.000797619 
62.2937 0.000714317 0.000714317 
65.8534 0.000563679 0.000563679 
69.413 0.00053244 0.00053244 
72.9727 0.000430395 0.000430395 
76.5323 0.000397768 0.000397768 
80.0919 0.000344316 0.000344316 
83.6516 0.000312383 0.000312383 
87.2112 0.000264485 0.000264485 
90.7709 0.000216586 0.000216586 
94.3305 0.000208256 0.000208256 
97.8902 0.000172852 0.000172852 
101.45 0.000156192 0.000156192 
105.009 0.000118706 0.000118706 
108.569 0.00013606 0.00013606 
112.129 9.99627e-05 9.99627e-05 
115.688 0.000109681 0.000109681 
119.248 8.81615e-05 8.81615e-05 
122.808 7.28895e-05 7.28895e-05 
126.367 6.80302e-05 6.80302e-05 
129.927 6.03941e-05 6.03941e-05 
133.487 7.15011e-05 7.15011e-05 
137.046 5.96999e-05 5.96999e-05 
140.606 5.06755e-05 5.06755e-05 
144.166 4.23453e-05 4.23453e-05 
147.725 3.54035e-05 3.54035e-05 
151.285 3.12383e-05 3.12383e-05 
154.844 3.26267e-05 3.26267e-05 
158.404 2.985e-05 2.985e-05 
161.964 3.33209e-05 3.33209e-05 
165.523 3.19325e-05 3.19325e-05 
169.083 2.49907e-05 2.49907e-05 
172.643 2.15197e-05 2.15197e-05 
176.202 2.70732e-05 2.70732e-05 
179.762 1.73546e-05 1.73546e-05 
183.322 1.52721e-05 1.52721e-05 
186.881 2.42965e-05 2.42965e-05 
190.441 1.1107e-05 1.1107e-05 
194 1.31895e-05 1.31895e-05 
197.56 1.59663e-05 1.59663e-05 
201.12 2.08256e-05 2.08256e-05 
204.679 1.38837e-05 1.38837e-05 
208.239 1.59663e-05 1.59663e-05 
211.799 1.18012e-05 1.18012e-05 
215.358 1.18012e-05 1.18012e-05 
218.918 9.7186e-06 9.7186e-06 
222.478 7.63604e-06 7.63604e-06 
226.037 9.02441e-06 9.02441e-06 
229.597 9.02441e-06 9.02441e-06 
233.157 6.24767e-06 6.24767e-06 
236.716 3.47093e-06 3.47093e-06 
240.276 4.8593e-06 4.8593e-06 
243.835 1.04128e-05 1.04128e-05 
247.395 3.47093e-06 3.47093e-06 
250.955 5.55348e-06 5.55348e-06 
254.514 7.63604e-06 7.63604e-06 
258.074 5.55348e-06 5.55348e-06 
261.634 2.77674e-06 2.77674e-06 
265.193 5.55348e-06 5.55348e-06 
268.753 6.94185e-06 6.94185e-06 
272.313 2.08256e-06 2.08256e-06 
275.872 4.16511e-06 4.16511e-06 
279.432 2.77674e-06 2.77674e-06 
282.992 2.08256e-06 2.08256e-06 
286.551 1.38837e-06 1.38837e-06 
290.111 6.94185e-07 6.94185e-07 
293.67 1.38837e-06 1.38837e-06 
297.23 1.38837e-06 1.38837e-06 
300.79 2.08256e-06 2.08256e-06 
304.349 6.94185e-07 6.94185e-07 
307.909 2.08256e-06 2.08256e-06 
311.469 2.08256e-06 2.08256e-06 
315.028 2.08256e-06 2.08256e-06 
318.588 2.77674e-06 2.77674e-06 
322.148 2.08256e-06 2.08256e-06 
325.707 4.16511e-06 4.16511e-06 
329.267 0 0 
332.827 0 0 
336.386 1.38837e-06 1.38837e-06 
339.946 2.08256e-06 2.08256e-06 
343.505 6.94185e-07 6.94185e-07 
347.065 2.08256e-06 2.08256e-06 
350.625 1.38837e-06 1.38837e-06 
354.184 0 0 
357.744 6.94185e-07 6.94185e-07 
361.304 0 0 
364.863 1.38837e-06 1.38837e-06 
368.423 1.38837e-06 1.38837e-06 
371.983 6.94185e-07 6.94185e-07 
375.542 0 0 
379.102 6.94185e-07 6.94185e-07 
382.662 6.94185e-07 6.94185e-07 
386.221 0 0 
389.781 0 0 
393.34 6.94185e-07 6.94185e-07 
396.9 6.94185e-07 6.94185e-07 
400.46 0 0 
404.019 6.94185e-07 6.94185e-07 
407.579 6.94185e-07 6.94185e-07 
411.139 6.94185e-07 6.94185e-07 
414.698 2.77674e-06 2.77674e-06 
418.258 0 0 
421.818 6.94185e-07 6.94185e-07 
425.377 1.38837e-06 1.38837e-06 
428.937 0 0 
432.497 6.94185e-07 6.94185e-07 
436.056 0 0 
439.616 0 0 
443.175 6.94185e-07 6.94185e-07 
446.735 0 0 
450.295 0 0 
453.854 1.38837e-06 1.38837e-06 


