berea_generated_51-1-X/processor0	effPorosity= 0.167162 		K_x= 8.65811e-14 m^2 		FF_x= 37.4944 		DarcyVelocity= 3.38207e-07 m/s 		DelP= 1 Pa 		K: 8.65811e-14 m^2 			K=( 8.65811e-14  0  0 ) Pmax-Pmin: 1.00566 Umax= 9.64172e-05		 effPorosity= V_pore/(L_x*L_y*L_z)= 2.80451e-12/(0.000256*0.000256*0.000256)= 0.167162		 Re=rho*VDarcy*sqrt(K)/mu= 1000*3.38207e-07*sqrt(8.65811e-14 )/0.001)= 9.95163e-08


x=mag(U)/U_D 	 PDF 	 dV/Vdx 	 PDF(log10(x)) 	 dV/Vd(log10(x))
5.90614e-13 1.82133e+07 1.82133e+07 2.4769e-05 2.4769e-05 
7.69962e-13 1.39709e+07 1.39709e+07 2.4769e-05 2.4769e-05 
1.00377e-12 0 0 0 0 
1.30858e-12 0 0 0 0 
1.70596e-12 0 0 0 0 
2.22399e-12 0 0 0 0 
2.89934e-12 0 0 0 0 
3.77977e-12 2.84595e+06 2.84595e+06 2.4769e-05 2.4769e-05 
4.92756e-12 2.18304e+06 2.18304e+06 2.4769e-05 2.4769e-05 
6.42388e-12 0 0 0 0 
8.37459e-12 1.28448e+06 1.28448e+06 2.4769e-05 2.4769e-05 
1.09177e-11 0 0 0 0 
1.4233e-11 3.02313e+06 3.02313e+06 9.9076e-05 9.9076e-05 
1.8555e-11 1.73921e+06 1.73921e+06 7.4307e-05 7.4307e-05 
2.41896e-11 889395 889395 4.9538e-05 4.9538e-05 
3.15351e-11 0 0 0 0 
4.11112e-11 1.30829e+06 1.30829e+06 0.000123845 0.000123845 
5.35952e-11 802836 802836 9.9076e-05 9.9076e-05 
6.98702e-11 1.23166e+06 1.23166e+06 0.000198152 0.000198152 
9.10873e-11 1.41715e+06 1.41715e+06 0.000297228 0.000297228 
1.18747e-10 1.53999e+06 1.53999e+06 0.000421073 0.000421073 
1.54807e-10 1.5982e+06 1.5982e+06 0.000569687 0.000569687 
2.01816e-10 1.27923e+06 1.27923e+06 0.000594456 0.000594456 
2.63101e-10 1.431e+06 1.431e+06 0.000866915 0.000866915 
3.42995e-10 1.31721e+06 1.31721e+06 0.0010403 0.0010403 
4.47151e-10 1.10661e+06 1.10661e+06 0.00113937 0.00113937 
5.82935e-10 1.07029e+06 1.07029e+06 0.0014366 0.0014366 
7.59952e-10 764364 764364 0.00133753 0.00133753 
9.90723e-10 705755 705755 0.00160998 0.00160998 
1.29157e-09 882836 882836 0.00262551 0.00262551 
1.68378e-09 632475 632475 0.00245213 0.00245213 
2.19508e-09 617466 617466 0.00312089 0.00312089 
2.86165e-09 481156 481156 0.00317043 0.00317043 
3.73063e-09 426748 426748 0.00366581 0.00366581 
4.86349e-09 384852 384852 0.0043098 0.0043098 
6.34037e-09 307084 307084 0.00448319 0.00448319 
8.26571e-09 206923 206923 0.00393827 0.00393827 
1.07757e-08 150738 150738 0.00374012 0.00374012 
1.40479e-08 115626 115626 0.00374012 0.00374012 
1.83138e-08 82819.6 82819.6 0.00349243 0.00349243 
2.38751e-08 49110.5 49110.5 0.00269982 0.00269982 
3.11251e-08 35943.1 35943.1 0.00257597 0.00257597 
4.05767e-08 25450 25450 0.00237782 0.00237782 
5.28984e-08 24402.3 24402.3 0.00297228 0.00297228 
6.89618e-08 15442.6 15442.6 0.00245213 0.00245213 
8.99031e-08 13401 13401 0.00277413 0.00277413 
1.17204e-07 9269.86 9269.86 0.00250167 0.00250167 
1.52794e-07 8448.26 8448.26 0.00297228 0.00297228 
1.99192e-07 6426.39 6426.39 0.00294751 0.00294751 
2.5968e-07 4266.69 4266.69 0.00255121 0.00255121 
3.38536e-07 4289.65 4289.65 0.00334381 0.00334381 
4.41337e-07 3022.34 3022.34 0.00307135 0.00307135 
5.75356e-07 3122.28 3122.28 0.00413642 0.00413642 
7.50072e-07 2308.96 2308.96 0.00398781 0.00398781 
9.77842e-07 2288.16 2288.16 0.00515195 0.00515195 
1.27478e-06 1696.11 1696.11 0.00497857 0.00497857 
1.66188e-06 1242.78 1242.78 0.00475565 0.00475565 
2.16654e-06 1141.97 1141.97 0.00569687 0.00569687 
2.82444e-06 837.881 837.881 0.00544918 0.00544918 
3.68213e-06 628.105 628.105 0.00532533 0.00532533 
4.80026e-06 484.04 484.04 0.0053501 0.0053501 
6.25794e-06 367.854 367.854 0.00530056 0.00530056 
8.15825e-06 312.496 312.496 0.00587025 0.00587025 
1.06356e-05 245.774 245.774 0.00601886 0.00601886 
1.38653e-05 188.525 188.525 0.00601886 0.00601886 
1.80757e-05 151.158 151.158 0.00629132 0.00629132 
2.35647e-05 118.231 118.231 0.00641517 0.00641517 
3.07204e-05 107.849 107.849 0.00762885 0.00762885 
4.00491e-05 77.8928 77.8928 0.00718301 0.00718301 
5.22107e-05 57.6888 57.6888 0.00693532 0.00693532 
6.80652e-05 47.8862 47.8862 0.007505 0.007505 
8.87343e-05 44.2481 44.2481 0.00904068 0.00904068 
0.00011568 30.5936 30.5936 0.008149 0.008149 
0.000150808 28.1752 28.1752 0.00978375 0.00978375 
0.000196603 21.6123 21.6123 0.00978375 0.00978375 
0.000256304 17.0817 17.0817 0.010081 0.010081 
0.000334135 14.7125 14.7125 0.0113194 0.0113194 
0.0004356 11.6065 11.6065 0.0116414 0.0116414 
0.000567876 9.71754 9.71754 0.0127065 0.0127065 
0.00074032 8.20959 8.20959 0.0139945 0.0139945 
0.000965129 6.64283 6.64283 0.0147623 0.0147623 
0.00125821 5.37764 5.37764 0.0155797 0.0155797 
0.00164028 4.7218 4.7218 0.0178337 0.0178337 
0.00213837 3.96904 3.96904 0.0195427 0.0195427 
0.00278772 3.141 3.141 0.020162 0.020162 
0.00363426 2.61063 2.61063 0.0218462 0.0218462 
0.00473785 2.15238 2.15238 0.023481 0.023481 
0.00617658 1.79732 1.79732 0.0255616 0.0255616 
0.00805219 1.34794 1.34794 0.0249919 0.0249919 
0.0104974 1.07802 1.07802 0.026057 0.026057 
0.013685 0.889016 0.889016 0.0280137 0.0280137 
0.0178407 0.723539 0.723539 0.0297228 0.0297228 
0.0232583 0.615129 0.615129 0.0329428 0.0329428 
0.030321 0.497744 0.497744 0.0347509 0.0347509 
0.0395285 0.409562 0.409562 0.0372773 0.0372773 
0.0515319 0.354032 0.354032 0.0420082 0.0420082 
0.0671803 0.30279 0.30279 0.0468382 0.0468382 
0.0875806 0.264072 0.264072 0.0532533 0.0532533 
0.114176 0.236196 0.236196 0.0620959 0.0620959 
0.148847 0.198379 0.198379 0.0679909 0.0679909 
0.194047 0.174788 0.174788 0.0780966 0.0780966 
0.252972 0.158142 0.158142 0.0921159 0.0921159 
0.32979 0.140452 0.140452 0.106655 0.106655 
0.429936 0.125075 0.125075 0.12382 0.12382 
0.560493 0.111871 0.111871 0.144378 0.144378 
0.730695 0.103213 0.103213 0.173655 0.173655 
0.952582 0.0901707 0.0901707 0.19778 0.19778 
1.24185 0.0831737 0.0831737 0.237832 0.237832 
1.61895 0.0739526 0.0739526 0.275679 0.275679 
2.11057 0.0649019 0.0649019 0.315408 0.315408 
2.75148 0.05636 0.05636 0.35707 0.35707 
3.58701 0.0493857 0.0493857 0.407896 0.407896 
4.67626 0.0425013 0.0425013 0.457632 0.457632 
6.09627 0.0359399 0.0359399 0.504495 0.504495 
7.9475 0.0295404 0.0295404 0.540583 0.540583 
10.3609 0.0244152 0.0244152 0.582468 0.582468 
13.5071 0.0192243 0.0192243 0.597899 0.597899 
17.6087 0.014805 0.014805 0.600276 0.600276 
22.9559 0.0106484 0.0106484 0.562851 0.562851 
29.9268 0.00645275 0.00645275 0.444653 0.444653 
39.0145 0.00390886 0.00390886 0.35115 0.35115 
50.8619 0.00207265 0.00207265 0.242736 0.242736 
66.3069 0.00105337 0.00105337 0.160825 0.160825 
86.442 0.000514693 0.000514693 0.102445 0.102445 
112.691 0.000210957 0.000210957 0.0547395 0.0547395 
146.912 7.35139e-05 7.35139e-05 0.0248681 0.0248681 
191.524 1.98826e-05 1.98826e-05 0.00876822 0.00876822 
249.683 5.34227e-06 5.34227e-06 0.00307135 0.00307135 




x=U_x/U_D 	 PDF 	 dV/Vdx
-31.7078 1.19003e-06 1.19003e-06 
-29.3108 0 0 
-26.9137 1.30903e-05 1.30903e-05 
-24.5167 3.80808e-05 3.80808e-05 
-22.1196 7.49716e-05 7.49716e-05 
-19.7226 9.0442e-05 9.0442e-05 
-17.3255 0.000148753 0.000148753 
-14.9285 0.000214205 0.000214205 
-12.5314 0.000383188 0.000383188 
-10.1344 0.000734246 0.000734246 
-7.73736 0.00168389 0.00168389 
-5.34031 0.00340466 0.00340466 
-2.94327 0.00642733 0.00642733 
-0.54622 0.0212991 0.0212991 
1.85083 0.168848 0.168848 
4.24787 0.0547733 0.0547733 
6.64492 0.0326198 0.0326198 
9.04196 0.0238362 0.0238362 
11.439 0.0185596 0.0185596 
13.8361 0.0143838 0.0143838 
16.2331 0.0112196 0.0112196 
18.6301 0.00895494 0.00895494 
21.0272 0.00722703 0.00722703 
23.4242 0.00591562 0.00591562 
25.8213 0.00513496 0.00513496 
28.2183 0.00413415 0.00413415 
30.6154 0.00349511 0.00349511 
33.0124 0.00308931 0.00308931 
35.4095 0.00249191 0.00249191 
37.8065 0.00217061 0.00217061 
40.2036 0.00187072 0.00187072 
42.6006 0.00160177 0.00160177 
44.9976 0.00132569 0.00132569 
47.3947 0.00121264 0.00121264 
49.7917 0.00109839 0.00109839 
52.1888 0.00092584 0.00092584 
54.5858 0.000775897 0.000775897 
56.9829 0.000706875 0.000706875 
59.3799 0.000605723 0.000605723 
61.777 0.000537892 0.000537892 
64.174 0.00045935 0.00045935 
66.5711 0.0004653 0.0004653 
68.9681 0.000411749 0.000411749 
71.3652 0.000371288 0.000371288 
73.7622 0.000311787 0.000311787 
76.1592 0.000318927 0.000318927 
78.5563 0.000254666 0.000254666 
80.9533 0.000255856 0.000255856 
83.3504 0.000213015 0.000213015 
85.7474 0.000184454 0.000184454 
88.1445 0.000183264 0.000183264 
90.5415 0.000152323 0.000152323 
92.9386 0.000129713 0.000129713 
95.3356 0.000123763 0.000123763 
97.7327 9.99622e-05 9.99622e-05 
100.13 0.000110672 0.000110672 
102.527 8.44918e-05 8.44918e-05 
104.924 8.44918e-05 8.44918e-05 
107.321 7.61616e-05 7.61616e-05 
109.718 7.73517e-05 7.73517e-05 
112.115 6.54514e-05 6.54514e-05 
114.512 4.6411e-05 4.6411e-05 
116.909 4.87911e-05 4.87911e-05 
119.306 6.30714e-05 6.30714e-05 
121.703 4.28409e-05 4.28409e-05 
124.1 3.57008e-05 3.57008e-05 
126.497 4.5221e-05 4.5221e-05 
128.894 3.45107e-05 3.45107e-05 
131.291 4.16509e-05 4.16509e-05 
133.688 3.09407e-05 3.09407e-05 
136.085 3.45107e-05 3.45107e-05 
138.482 2.02304e-05 2.02304e-05 
140.879 1.66604e-05 1.66604e-05 
143.277 1.78504e-05 1.78504e-05 
145.674 1.54703e-05 1.54703e-05 
148.071 2.02304e-05 2.02304e-05 
150.468 1.54703e-05 1.54703e-05 
152.865 9.52021e-06 9.52021e-06 
155.262 1.66604e-05 1.66604e-05 
157.659 1.19003e-05 1.19003e-05 
160.056 1.19003e-05 1.19003e-05 
162.453 8.33018e-06 8.33018e-06 
164.85 1.19003e-05 1.19003e-05 
167.247 8.33018e-06 8.33018e-06 
169.644 5.95013e-06 5.95013e-06 
172.041 8.33018e-06 8.33018e-06 
174.438 2.38005e-06 2.38005e-06 
176.835 4.7601e-06 4.7601e-06 
179.232 5.95013e-06 5.95013e-06 
181.629 5.95013e-06 5.95013e-06 
184.026 2.38005e-06 2.38005e-06 
186.423 4.7601e-06 4.7601e-06 
188.82 4.7601e-06 4.7601e-06 
191.217 4.7601e-06 4.7601e-06 
193.614 3.57008e-06 3.57008e-06 
196.012 5.95013e-06 5.95013e-06 
198.409 8.33018e-06 8.33018e-06 
200.806 1.19003e-06 1.19003e-06 
203.203 3.57008e-06 3.57008e-06 
205.6 1.19003e-06 1.19003e-06 
207.997 3.57008e-06 3.57008e-06 
210.394 1.19003e-06 1.19003e-06 
212.791 0 0 
215.188 2.38005e-06 2.38005e-06 
217.585 1.19003e-06 1.19003e-06 
219.982 2.38005e-06 2.38005e-06 
222.379 0 0 
224.776 1.19003e-06 1.19003e-06 
227.173 2.38005e-06 2.38005e-06 
229.57 0 0 
231.967 1.19003e-06 1.19003e-06 
234.364 4.7601e-06 4.7601e-06 
236.761 1.19003e-06 1.19003e-06 
239.158 1.19003e-06 1.19003e-06 
241.555 2.38005e-06 2.38005e-06 
243.952 0 0 
246.349 1.19003e-06 1.19003e-06 
248.747 2.38005e-06 2.38005e-06 
251.144 0 0 
253.541 2.38005e-06 2.38005e-06 
255.938 2.38005e-06 2.38005e-06 
258.335 0 0 
260.732 0 0 
263.129 0 0 
265.526 0 0 
267.923 0 0 
270.32 1.19003e-06 1.19003e-06 
272.717 1.19003e-06 1.19003e-06 




x=U_y/U_D 	 PDF 	 dV/Vdx
-153.414 9.58871e-07 9.58871e-07 
-150.439 0 0 
-147.464 2.87661e-06 2.87661e-06 
-144.489 1.91774e-06 1.91774e-06 
-141.514 3.83549e-06 3.83549e-06 
-138.539 1.91774e-06 1.91774e-06 
-135.564 5.75323e-06 5.75323e-06 
-132.589 2.87661e-06 2.87661e-06 
-129.615 5.75323e-06 5.75323e-06 
-126.64 4.79436e-06 4.79436e-06 
-123.665 6.7121e-06 6.7121e-06 
-120.69 5.75323e-06 5.75323e-06 
-117.715 8.62984e-06 8.62984e-06 
-114.74 7.67097e-06 7.67097e-06 
-111.765 1.05476e-05 1.05476e-05 
-108.79 1.72597e-05 1.72597e-05 
-105.815 1.15065e-05 1.15065e-05 
-102.84 2.30129e-05 2.30129e-05 
-99.8656 1.15065e-05 1.15065e-05 
-96.8907 2.30129e-05 2.30129e-05 
-93.9158 2.58895e-05 2.58895e-05 
-90.9409 3.06839e-05 3.06839e-05 
-87.966 3.83549e-05 3.83549e-05 
-84.9911 3.93137e-05 3.93137e-05 
-82.0162 4.60258e-05 4.60258e-05 
-79.0413 5.84912e-05 5.84912e-05 
-76.0664 6.7121e-05 6.7121e-05 
-73.0915 7.57508e-05 7.57508e-05 
-70.1166 8.15041e-05 8.15041e-05 
-67.1417 9.01339e-05 9.01339e-05 
-64.1668 0.000116023 0.000116023 
-61.1919 0.000122736 0.000122736 
-58.217 0.000165885 0.000165885 
-55.2421 0.000173556 0.000173556 
-52.2672 0.000194651 0.000194651 
-49.2923 0.000244512 0.000244512 
-46.3174 0.000240677 0.000240677 
-43.3425 0.000298209 0.000298209 
-40.3676 0.000282867 0.000282867 
-37.3927 0.000377795 0.000377795 
-34.4178 0.000488066 0.000488066 
-31.4429 0.000600254 0.000600254 
-28.468 0.00079874 0.00079874 
-25.4931 0.00101449 0.00101449 
-22.5182 0.0013242 0.0013242 
-19.5433 0.00184391 0.00184391 
-16.5684 0.00254964 0.00254964 
-13.5935 0.00349029 0.00349029 
-10.6186 0.00532078 0.00532078 
-7.64369 0.00859628 0.00859628 
-4.66879 0.0150217 0.0150217 
-1.69389 0.0319707 0.0319707 
1.28101 0.14577 0.14577 
4.25591 0.0461323 0.0461323 
7.23081 0.023034 0.023034 
10.2057 0.0136725 0.0136725 
13.1806 0.00841122 0.00841122 
16.1555 0.00599486 0.00599486 
19.1304 0.0042804 0.0042804 
22.1053 0.00301086 0.00301086 
25.0802 0.00224759 0.00224759 
28.0551 0.0017672 0.0017672 
31.03 0.00137215 0.00137215 
34.0049 0.000987638 0.000987638 
36.9798 0.000708606 0.000708606 
39.9547 0.0005945 0.0005945 
42.9296 0.000417109 0.000417109 
45.9045 0.000325057 0.000325057 
48.8794 0.000280949 0.000280949 
51.8543 0.000210952 0.000210952 
54.8292 0.000163008 0.000163008 
57.8041 0.000124653 0.000124653 
60.779 9.6846e-05 9.6846e-05 
63.7539 9.01339e-05 9.01339e-05 
66.7288 7.28742e-05 7.28742e-05 
69.7037 4.69847e-05 4.69847e-05 
72.6786 4.89024e-05 4.89024e-05 
75.6535 5.84912e-05 5.84912e-05 
78.6284 4.12315e-05 4.12315e-05 
81.6033 3.7396e-05 3.7396e-05 
84.5782 3.16428e-05 3.16428e-05 
87.5531 2.10952e-05 2.10952e-05 
90.528 1.63008e-05 1.63008e-05 
93.5029 1.43831e-05 1.43831e-05 
96.4778 2.01363e-05 2.01363e-05 
99.4527 1.05476e-05 1.05476e-05 
102.428 7.67097e-06 7.67097e-06 
105.402 8.62984e-06 8.62984e-06 
108.377 5.75323e-06 5.75323e-06 
111.352 1.53419e-05 1.53419e-05 
114.327 3.83549e-06 3.83549e-06 
117.302 4.79436e-06 4.79436e-06 
120.277 4.79436e-06 4.79436e-06 
123.252 4.79436e-06 4.79436e-06 
126.227 2.87661e-06 2.87661e-06 
129.202 1.91774e-06 1.91774e-06 
132.177 2.87661e-06 2.87661e-06 
135.151 1.91774e-06 1.91774e-06 
138.126 1.91774e-06 1.91774e-06 
141.101 1.91774e-06 1.91774e-06 
144.076 1.91774e-06 1.91774e-06 
147.051 2.87661e-06 2.87661e-06 
150.026 0 0 
153.001 1.91774e-06 1.91774e-06 
155.976 9.58871e-07 9.58871e-07 
158.951 9.58871e-07 9.58871e-07 
161.926 9.58871e-07 9.58871e-07 
164.9 0 0 
167.875 2.87661e-06 2.87661e-06 
170.85 0 0 
173.825 0 0 
176.8 9.58871e-07 9.58871e-07 
179.775 0 0 
182.75 0 0 
185.725 9.58871e-07 9.58871e-07 
188.7 0 0 
191.675 0 0 
194.649 0 0 
197.624 0 0 
200.599 0 0 
203.574 0 0 
206.549 1.91774e-06 1.91774e-06 
209.524 0 0 
212.499 0 0 
215.474 9.58871e-07 9.58871e-07 
218.449 0 0 
221.424 9.58871e-07 9.58871e-07 
224.398 9.58871e-07 9.58871e-07 




x=U_z/U_D 	 PDF 	 dV/Vdx
-138.427 1.20183e-06 1.20183e-06 
-136.054 1.20183e-06 1.20183e-06 
-133.68 2.40365e-06 2.40365e-06 
-131.307 0 0 
-128.933 0 0 
-126.56 4.80731e-06 4.80731e-06 
-124.186 1.20183e-06 1.20183e-06 
-121.813 1.20183e-06 1.20183e-06 
-119.439 3.60548e-06 3.60548e-06 
-117.066 0 0 
-114.692 2.40365e-06 2.40365e-06 
-112.319 1.20183e-06 1.20183e-06 
-109.945 1.20183e-06 1.20183e-06 
-107.572 2.40365e-06 2.40365e-06 
-105.198 1.20183e-06 1.20183e-06 
-102.825 7.21096e-06 7.21096e-06 
-100.451 6.00914e-06 6.00914e-06 
-98.0777 2.40365e-06 2.40365e-06 
-95.7042 2.40365e-06 2.40365e-06 
-93.3307 7.21096e-06 7.21096e-06 
-90.9572 6.00914e-06 6.00914e-06 
-88.5837 1.20183e-05 1.20183e-05 
-86.2102 3.60548e-06 3.60548e-06 
-83.8367 4.80731e-06 4.80731e-06 
-81.4632 7.21096e-06 7.21096e-06 
-79.0896 1.56238e-05 1.56238e-05 
-76.7161 1.56238e-05 1.56238e-05 
-74.3426 2.52384e-05 2.52384e-05 
-71.9691 1.68256e-05 1.68256e-05 
-69.5956 5.16786e-05 5.16786e-05 
-67.2221 7.33115e-05 7.33115e-05 
-64.8486 7.33115e-05 7.33115e-05 
-62.4751 8.77334e-05 8.77334e-05 
-60.1016 0.000116577 0.000116577 
-57.7281 0.000130999 0.000130999 
-55.3546 0.000140614 0.000140614 
-52.9811 0.000174265 0.000174265 
-50.6076 0.000198301 0.000198301 
-48.234 0.000222338 0.000222338 
-45.8605 0.00024998 0.00024998 
-43.487 0.000325695 0.000325695 
-41.1135 0.000324493 0.000324493 
-38.74 0.000409823 0.000409823 
-36.3665 0.000475924 0.000475924 
-33.993 0.000594904 0.000594904 
-31.6195 0.00066461 0.00066461 
-29.246 0.000810032 0.000810032 
-26.8725 0.00108525 0.00108525 
-24.499 0.00145541 0.00145541 
-22.1255 0.00182197 0.00182197 
-19.752 0.00239043 0.00239043 
-17.3784 0.00294087 0.00294087 
-15.0049 0.00433499 0.00433499 
-12.6314 0.00609687 0.00609687 
-10.2579 0.00834188 0.00834188 
-7.88441 0.0105124 0.0105124 
-5.5109 0.0145914 0.0145914 
-3.1374 0.0227037 0.0227037 
-0.763889 0.0484817 0.0484817 
1.60962 0.174583 0.174583 
3.98313 0.040909 0.040909 
6.35663 0.0223275 0.0223275 
8.73014 0.0148173 0.0148173 
11.1036 0.0100629 0.0100629 
13.4772 0.00665091 0.00665091 
15.8507 0.00454291 0.00454291 
18.2242 0.00325815 0.00325815 
20.5977 0.0024313 0.0024313 
22.9712 0.00194936 0.00194936 
25.3447 0.00162247 0.00162247 
27.7182 0.00130278 0.00130278 
30.0917 0.00110688 0.00110688 
32.4652 0.000892958 0.000892958 
34.8387 0.000725904 0.000725904 
37.2122 0.000580483 0.000580483 
39.5857 0.000505969 0.000505969 
41.9592 0.000406218 0.000406218 
44.3328 0.000324493 0.000324493 
46.7063 0.000280026 0.000280026 
49.0798 0.000227145 0.000227145 
51.4533 0.000180274 0.000180274 
53.8268 0.000174265 0.000174265 
56.2003 0.000163449 0.000163449 
58.5738 0.000133403 0.000133403 
60.9473 0.000109366 0.000109366 
63.3208 9.25407e-05 9.25407e-05 
65.6943 9.61462e-05 9.61462e-05 
68.0678 8.77334e-05 8.77334e-05 
70.4413 7.33115e-05 7.33115e-05 
72.8148 7.93206e-05 7.93206e-05 
75.1884 5.88895e-05 5.88895e-05 
77.5619 6.48987e-05 6.48987e-05 
79.9354 4.80731e-05 4.80731e-05 
82.3089 4.68713e-05 4.68713e-05 
84.6824 3.60548e-05 3.60548e-05 
87.0559 3.84585e-05 3.84585e-05 
89.4294 3.60548e-05 3.60548e-05 
91.8029 2.16329e-05 2.16329e-05 
94.1764 2.40365e-05 2.40365e-05 
96.5499 2.04311e-05 2.04311e-05 
98.9234 2.52384e-05 2.52384e-05 
101.297 1.08164e-05 1.08164e-05 
103.67 1.80274e-05 1.80274e-05 
106.044 9.61462e-06 9.61462e-06 
108.417 8.41279e-06 8.41279e-06 
110.791 1.08164e-05 1.08164e-05 
113.164 9.61462e-06 9.61462e-06 
115.538 6.00914e-06 6.00914e-06 
117.911 1.08164e-05 1.08164e-05 
120.285 4.80731e-06 4.80731e-06 
122.659 1.20183e-05 1.20183e-05 
125.032 7.21096e-06 7.21096e-06 
127.406 4.80731e-06 4.80731e-06 
129.779 7.21096e-06 7.21096e-06 
132.153 3.60548e-06 3.60548e-06 
134.526 7.21096e-06 7.21096e-06 
136.9 1.20183e-06 1.20183e-06 
139.273 2.40365e-06 2.40365e-06 
141.647 2.40365e-06 2.40365e-06 
144.02 1.20183e-06 1.20183e-06 
146.394 3.60548e-06 3.60548e-06 
148.767 3.60548e-06 3.60548e-06 
151.141 4.80731e-06 4.80731e-06 
153.514 0 0 
155.888 2.40365e-06 2.40365e-06 
158.261 1.20183e-06 1.20183e-06 
160.635 2.40365e-06 2.40365e-06 
163.008 4.80731e-06 4.80731e-06 




x=mag(U)/U_D 	 PDF 	 dV/Vdx
1.11361 0.102602 0.102602 
3.34082 0.0696277 0.0696277 
5.56803 0.0464215 0.0464215 
7.79525 0.0349522 0.0349522 
10.0225 0.0282307 0.0282307 
12.2497 0.0235034 0.0235034 
14.4769 0.0194946 0.0194946 
16.7041 0.0168536 0.0168536 
18.9313 0.0145303 0.0145303 
21.1585 0.0123799 0.0123799 
23.3857 0.0101488 0.0101488 
25.613 0.00830323 0.00830323 
27.8402 0.00721329 0.00721329 
30.0674 0.00598503 0.00598503 
32.2946 0.00528445 0.00528445 
34.5218 0.00479776 0.00479776 
36.749 0.00415866 0.00415866 
38.9762 0.00355926 0.00355926 
41.2034 0.00308665 0.00308665 
43.4307 0.00266912 0.00266912 
45.6579 0.00239248 0.00239248 
47.8851 0.0020979 0.0020979 
50.1123 0.00177643 0.00177643 
52.3395 0.00165603 0.00165603 
54.5667 0.00143318 0.00143318 
56.7939 0.00133072 0.00133072 
59.0212 0.0012257 0.0012257 
61.2484 0.00114117 0.00114117 
63.4756 0.000938804 0.000938804 
65.7028 0.000952892 0.000952892 
67.93 0.000840185 0.000840185 
70.1572 0.000758215 0.000758215 
72.3844 0.000686492 0.000686492 
74.6116 0.000659596 0.000659596 
76.8389 0.000625015 0.000625015 
79.0661 0.000526396 0.000526396 
81.2933 0.000462358 0.000462358 
83.5205 0.000425215 0.000425215 
85.7477 0.000417531 0.000417531 
87.9749 0.000372704 0.000372704 
90.2021 0.000362458 0.000362458 
92.4293 0.0002997 0.0002997 
94.6566 0.000285612 0.000285612 
96.8838 0.00024975 0.00024975 
99.111 0.000243346 0.000243346 
101.338 0.0002331 0.0002331 
103.565 0.000215169 0.000215169 
105.793 0.000176746 0.000176746 
108.02 0.0001665 0.0001665 
110.247 0.000169062 0.000169062 
112.474 0.000151131 0.000151131 
114.701 0.000126796 0.000126796 
116.929 0.000139604 0.000139604 
119.156 0.000142165 0.000142165 
121.383 0.000110146 0.000110146 
123.61 0.000134481 0.000134481 
125.838 8.325e-05 8.325e-05 
128.065 9.60577e-05 9.60577e-05 
130.292 7.68462e-05 7.68462e-05 
132.519 7.68462e-05 7.68462e-05 
134.746 6.01962e-05 6.01962e-05 
136.974 6.91615e-05 6.91615e-05 
139.201 3.97038e-05 3.97038e-05 
141.428 6.14769e-05 6.14769e-05 
143.655 4.22654e-05 4.22654e-05 
145.882 2.68962e-05 2.68962e-05 
148.11 3.45808e-05 3.45808e-05 
150.337 3.97038e-05 3.97038e-05 
152.564 2.94577e-05 2.94577e-05 
154.791 3.33e-05 3.33e-05 
157.019 2.30538e-05 2.30538e-05 
159.246 3.07385e-05 3.07385e-05 
161.473 3.45808e-05 3.45808e-05 
163.7 2.30538e-05 2.30538e-05 
165.927 3.20192e-05 3.20192e-05 
168.155 1.92115e-05 1.92115e-05 
170.382 1.53692e-05 1.53692e-05 
172.609 2.30538e-05 2.30538e-05 
174.836 1.40885e-05 1.40885e-05 
177.063 1.79308e-05 1.79308e-05 
179.291 2.17731e-05 2.17731e-05 
181.518 1.79308e-05 1.79308e-05 
183.745 1.28077e-05 1.28077e-05 
185.972 1.92115e-05 1.92115e-05 
188.2 1.02462e-05 1.02462e-05 
190.427 1.28077e-05 1.28077e-05 
192.654 1.15269e-05 1.15269e-05 
194.881 1.15269e-05 1.15269e-05 
197.108 8.96538e-06 8.96538e-06 
199.336 8.96538e-06 8.96538e-06 
201.563 7.68462e-06 7.68462e-06 
203.79 8.96538e-06 8.96538e-06 
206.017 8.96538e-06 8.96538e-06 
208.244 7.68462e-06 7.68462e-06 
210.472 7.68462e-06 7.68462e-06 
212.699 5.12308e-06 5.12308e-06 
214.926 3.84231e-06 3.84231e-06 
217.153 5.12308e-06 5.12308e-06 
219.381 3.84231e-06 3.84231e-06 
221.608 1.15269e-05 1.15269e-05 
223.835 2.56154e-06 2.56154e-06 
226.062 5.12308e-06 5.12308e-06 
228.289 0 0 
230.517 1.28077e-06 1.28077e-06 
232.744 2.56154e-06 2.56154e-06 
234.971 5.12308e-06 5.12308e-06 
237.198 2.56154e-06 2.56154e-06 
239.425 5.12308e-06 5.12308e-06 
241.653 2.56154e-06 2.56154e-06 
243.88 0 0 
246.107 1.28077e-06 1.28077e-06 
248.334 1.28077e-06 1.28077e-06 
250.561 0 0 
252.789 3.84231e-06 3.84231e-06 
255.016 0 0 
257.243 2.56154e-06 2.56154e-06 
259.47 0 0 
261.698 3.84231e-06 3.84231e-06 
263.925 0 0 
266.152 2.56154e-06 2.56154e-06 
268.379 1.28077e-06 1.28077e-06 
270.606 1.28077e-06 1.28077e-06 
272.834 0 0 
275.061 1.28077e-06 1.28077e-06 
277.288 2.56154e-06 2.56154e-06 
279.515 2.56154e-06 2.56154e-06 
281.742 1.28077e-06 1.28077e-06 
283.97 2.56154e-06 2.56154e-06 


