berea_128_22-1-X/processor0	effPorosity= 0.172938 		K_x= 1.44569e-13 m^2 		FF_x= 26.3929 		DarcyVelocity= 5.64723e-07 m/s 		DelP= 1 Pa 		K: 1.44569e-13 m^2 			K=( 1.44569e-13  0  0 ) Pmax-Pmin: 1.00302 Umax= 0.000114632		 effPorosity= V_pore/(L_x*L_y*L_z)= 2.90142e-12/(0.000256*0.000256*0.000256)= 0.172938		 Re=rho*VDarcy*sqrt(K)/mu= 1000*5.64723e-07*sqrt(1.44569e-13 )/0.001)= 2.1472e-07


x=mag(U)/U_D 	 PDF 	 dV/Vdx 	 PDF(log10(x)) 	 dV/Vd(log10(x))
3.12871e-13 3.29452e+07 3.29452e+07 2.37341e-05 2.37341e-05 
4.08826e-13 0 0 0 0 
5.3421e-13 0 0 0 0 
6.98048e-13 0 0 0 0 
9.12134e-13 0 0 0 0 
1.19188e-12 0 0 0 0 
1.55742e-12 1.98552e+07 1.98552e+07 7.12024e-05 7.12024e-05 
2.03507e-12 5.06499e+06 5.06499e+06 2.37341e-05 2.37341e-05 
2.65921e-12 3.87619e+06 3.87619e+06 2.37341e-05 2.37341e-05 
3.47477e-12 2.96642e+06 2.96642e+06 2.37341e-05 2.37341e-05 
4.54045e-12 6.81052e+06 6.81052e+06 7.12024e-05 7.12024e-05 
5.93297e-12 6.94937e+06 6.94937e+06 9.49365e-05 9.49365e-05 
7.75257e-12 2.65915e+06 2.65915e+06 4.74683e-05 4.74683e-05 
1.01302e-11 7.12257e+06 7.12257e+06 0.000166139 0.000166139 
1.32371e-11 5.45084e+06 5.45084e+06 0.000166139 0.000166139 
1.72968e-11 2.97963e+06 2.97963e+06 0.000118671 0.000118671 
2.26016e-11 3.64845e+06 3.64845e+06 0.000189873 0.000189873 
2.95333e-11 4.88622e+06 4.88622e+06 0.000332278 0.000332278 
3.8591e-11 2.40389e+06 2.40389e+06 0.000213607 0.000213607 
5.04266e-11 4.29257e+06 4.29257e+06 0.000498417 0.000498417 
6.5892e-11 3.75436e+06 3.75436e+06 0.000569619 0.000569619 
8.61006e-11 2.63375e+06 2.63375e+06 0.000522151 0.000522151 
1.12507e-10 2.65691e+06 2.65691e+06 0.00068829 0.00068829 
1.47012e-10 2.45399e+06 2.45399e+06 0.000830695 0.000830695 
1.92099e-10 2.36094e+06 2.36094e+06 0.0010443 0.0010443 
2.51015e-10 2.3817e+06 2.3817e+06 0.00137658 0.00137658 
3.27999e-10 1.85412e+06 1.85412e+06 0.00140031 0.00140031 
4.28594e-10 2.40498e+06 2.40498e+06 0.00237341 0.00237341 
5.60041e-10 1.73008e+06 1.73008e+06 0.00223101 0.00223101 
7.31801e-10 1.32401e+06 1.32401e+06 0.00223101 0.00223101 
9.56239e-10 1.22884e+06 1.22884e+06 0.00270569 0.00270569 
1.24951e-09 1.14665e+06 1.14665e+06 0.00329904 0.00329904 
1.63273e-09 776515 776515 0.0029193 0.0029193 
2.13347e-09 695719 695719 0.00341772 0.00341772 
2.78779e-09 632257 632257 0.00405854 0.00405854 
3.64278e-09 401803 401803 0.00337025 0.00337025 
4.76e-09 331316 331316 0.00363132 0.00363132 
6.21985e-09 258525 258525 0.00370252 0.00370252 
8.12743e-09 187701 187701 0.00351265 0.00351265 
1.06201e-08 163057 163057 0.00398733 0.00398733 
1.38771e-08 96560.8 96560.8 0.00308544 0.00308544 
1.81332e-08 81286.8 81286.8 0.00339398 0.00339398 
2.36945e-08 51332.5 51332.5 0.00280063 0.00280063 
3.09614e-08 38951.4 38951.4 0.00277689 0.00277689 
4.0457e-08 33630.9 33630.9 0.00313291 0.00313291 
5.28649e-08 28272.1 28272.1 0.00344145 0.00344145 
6.90781e-08 23874.7 23874.7 0.00379746 0.00379746 
9.02638e-08 15416.2 15416.2 0.00320411 0.00320411 
1.17947e-07 13458.3 13458.3 0.00365506 0.00365506 
1.54121e-07 11102.1 11102.1 0.00393987 0.00393987 
2.01388e-07 6653.76 6653.76 0.00308544 0.00308544 
2.63152e-07 5052.89 5052.89 0.0030617 0.0030617 
3.43859e-07 3147.5 3147.5 0.00249208 0.00249208 
4.49318e-07 2661.1 2661.1 0.00275316 0.00275316 
5.87121e-07 2054.07 2054.07 0.00277689 0.00277689 
7.67186e-07 1383.87 1383.87 0.00244462 0.00244462 
1.00248e-06 1182.45 1182.45 0.00272943 0.00272943 
1.30993e-06 834.096 834.096 0.00251582 0.00251582 
1.71167e-06 794.897 794.897 0.00313291 0.00313291 
2.23663e-06 502.331 502.331 0.00258702 0.00258702 
2.92259e-06 497.289 497.289 0.00334651 0.00334651 
3.81892e-06 358.978 358.978 0.00315664 0.00315664 
4.99016e-06 287.116 287.116 0.00329904 0.00329904 
6.5206e-06 259.247 259.247 0.0038924 0.0038924 
8.52042e-06 187.512 187.512 0.00367879 0.00367879 
1.11336e-05 164.795 164.795 0.00422468 0.00422468 
1.45482e-05 151.622 151.622 0.0050791 0.0050791 
1.901e-05 119.831 119.831 0.00524524 0.00524524 
2.48402e-05 98.3448 98.3448 0.00562499 0.00562499 
3.24585e-05 76.2151 76.2151 0.00569619 0.00569619 
4.24132e-05 62.4582 62.4582 0.00609967 0.00609967 
5.54211e-05 61.1898 61.1898 0.00780853 0.00780853 
7.24183e-05 41.9886 41.9886 0.00700157 0.00700157 
9.46284e-05 34.8567 34.8567 0.00759492 0.00759492 
0.00012365 27.9259 27.9259 0.00795093 0.00795093 
0.000161573 25.0078 25.0078 0.00930378 0.00930378 
0.000211126 19.0406 19.0406 0.00925631 0.00925631 
0.000275877 16.1035 16.1035 0.0102294 0.0102294 
0.000360486 13.0101 13.0101 0.010799 0.010799 
0.000471044 10.3942 10.3942 0.0112737 0.0112737 
0.00061551 8.07178 8.07178 0.0114399 0.0114399 
0.000804282 7.56138 7.56138 0.0140031 0.0140031 
0.00105095 5.65915 5.65915 0.0136946 0.0136946 
0.00137327 4.78876 4.78876 0.0151424 0.0151424 
0.00179444 4.08412 4.08412 0.016875 0.016875 
0.00234478 3.23984 3.23984 0.0174921 0.0174921 
0.00306391 2.64426 2.64426 0.018655 0.018655 
0.00400358 2.13176 2.13176 0.0196519 0.0196519 
0.00523145 1.80284 1.80284 0.0217167 0.0217167 
0.0068359 1.60889 1.60889 0.0253243 0.0253243 
0.00893242 1.31089 1.31089 0.026962 0.026962 
0.0116719 1.06327 1.06327 0.0285759 0.0285759 
0.0152516 0.876561 0.876561 0.0307832 0.0307832 
0.0199292 0.739613 0.739613 0.0339398 0.0339398 
0.0260413 0.653891 0.653891 0.0392088 0.0392088 
0.034028 0.546157 0.546157 0.0427926 0.0427926 
0.0444641 0.465028 0.465028 0.0476107 0.0476107 
0.0581009 0.395622 0.395622 0.0529271 0.0529271 
0.07592 0.35558 0.35558 0.0621597 0.0621597 
0.099204 0.313787 0.313787 0.0716771 0.0716771 
0.129629 0.271786 0.271786 0.0811233 0.0811233 
0.169385 0.236535 0.236535 0.0922546 0.0922546 
0.221335 0.213105 0.213105 0.108607 0.108607 
0.289216 0.202042 0.202042 0.134549 0.134549 
0.377917 0.177232 0.177232 0.154224 0.154224 
0.493821 0.161934 0.161934 0.184129 0.184129 
0.645272 0.143479 0.143479 0.21318 0.21318 
0.843172 0.119228 0.119228 0.231479 0.231479 
1.10177 0.105362 0.105362 0.267294 0.267294 
1.43967 0.0916799 0.0916799 0.303916 0.303916 
1.88121 0.0824134 0.0824134 0.356985 0.356985 
2.45816 0.0726476 0.0726476 0.411194 0.411194 
3.21206 0.0616006 0.0616006 0.4556 0.4556 
4.19717 0.0493969 0.0493969 0.477388 0.477388 
5.48441 0.0391562 0.0391562 0.494477 0.494477 
7.16644 0.0308519 0.0308519 0.509097 0.509097 
9.36433 0.0242337 0.0242337 0.522531 0.522531 
12.2363 0.0190159 0.0190159 0.535774 0.535774 
15.9891 0.0150832 0.0150832 0.555308 0.555308 
20.8928 0.0110127 0.0110127 0.529793 0.529793 
27.3005 0.00649594 0.00649594 0.408346 0.408346 
35.6733 0.00333875 0.00333875 0.274248 0.274248 
46.6141 0.00184906 0.00184906 0.198465 0.198465 
60.9102 0.000969835 0.000969835 0.13602 0.13602 
79.591 0.000380751 0.000380751 0.0697784 0.0697784 
104.001 0.000136872 0.000136872 0.0327768 0.0327768 
135.897 3.85311e-05 3.85311e-05 0.0120569 0.0120569 
177.576 1.29443e-05 1.29443e-05 0.00529271 0.00529271 




x=U_x/U_D 	 PDF 	 dV/Vdx
-42.7857 1.54867e-06 1.54867e-06 
-41.0052 0 0 
-39.2248 0 0 
-37.4444 0 0 
-35.664 0 0 
-33.8836 0 0 
-32.1031 0 0 
-30.3227 1.54867e-06 1.54867e-06 
-28.5423 1.54867e-06 1.54867e-06 
-26.7619 1.54867e-06 1.54867e-06 
-24.9815 1.54867e-06 1.54867e-06 
-23.201 4.646e-06 4.646e-06 
-21.4206 7.74333e-06 7.74333e-06 
-19.6402 7.74333e-06 7.74333e-06 
-17.8598 1.08407e-05 1.08407e-05 
-16.0794 2.16813e-05 2.16813e-05 
-14.2989 3.2522e-05 3.2522e-05 
-12.5185 6.03979e-05 6.03979e-05 
-10.7381 0.000111504 0.000111504 
-8.95768 0.000193583 0.000193583 
-7.17726 0.000363936 0.000363936 
-5.39684 0.000744908 0.000744908 
-3.61642 0.00188318 0.00188318 
-1.836 0.00475905 0.00475905 
-0.0555828 0.0306156 0.0306156 
1.72484 0.224411 0.224411 
3.50526 0.0685749 0.0685749 
5.28568 0.042133 0.042133 
7.0661 0.0314038 0.0314038 
8.84652 0.025282 0.025282 
10.6269 0.0204625 0.0204625 
12.4074 0.0174116 0.0174116 
14.1878 0.0146643 0.0146643 
15.9682 0.0121911 0.0121911 
17.7486 0.010105 0.010105 
19.529 0.00811191 0.00811191 
21.3095 0.00665307 0.00665307 
23.0899 0.0052159 0.0052159 
24.8703 0.00440905 0.00440905 
26.6507 0.0035356 0.0035356 
28.4311 0.00304777 0.00304777 
30.2116 0.00263273 0.00263273 
31.992 0.00236326 0.00236326 
33.7724 0.00213096 0.00213096 
35.5528 0.00181349 0.00181349 
37.3332 0.00155641 0.00155641 
39.1137 0.00145575 0.00145575 
40.8941 0.00137057 0.00137057 
42.6745 0.00125132 0.00125132 
44.4549 0.00107477 0.00107477 
46.2353 0.00103606 0.00103606 
48.0157 0.000861058 0.000861058 
49.7962 0.000751103 0.000751103 
51.5766 0.000624112 0.000624112 
53.357 0.000560617 0.000560617 
55.1374 0.000586944 0.000586944 
56.9178 0.000439821 0.000439821 
58.6983 0.00040575 0.00040575 
60.4787 0.000360839 0.000360839 
62.2591 0.000346901 0.000346901 
64.0395 0.000292698 0.000292698 
65.8199 0.000294246 0.000294246 
67.6004 0.000244689 0.000244689 
69.3808 0.000233848 0.000233848 
71.1612 0.000192035 0.000192035 
72.9416 0.000233848 0.000233848 
74.722 0.000195132 0.000195132 
76.5025 0.000140929 0.000140929 
78.2829 0.00013938 0.00013938 
80.0633 0.000144026 0.000144026 
81.8437 0.000134734 0.000134734 
83.6241 0.000151769 0.000151769 
85.4046 6.34953e-05 6.34953e-05 
87.185 8.20793e-05 8.20793e-05 
88.9654 8.67253e-05 8.67253e-05 
90.7458 8.36279e-05 8.36279e-05 
92.5262 5.42033e-05 5.42033e-05 
94.3067 4.80086e-05 4.80086e-05 
96.0871 5.42033e-05 5.42033e-05 
97.8675 4.49113e-05 4.49113e-05 
99.6479 4.49113e-05 4.49113e-05 
101.428 3.40706e-05 3.40706e-05 
103.209 3.2522e-05 3.2522e-05 
104.989 4.1814e-05 4.1814e-05 
106.77 4.1814e-05 4.1814e-05 
108.55 4.02653e-05 4.02653e-05 
110.33 2.16813e-05 2.16813e-05 
112.111 2.01326e-05 2.01326e-05 
113.891 2.01326e-05 2.01326e-05 
115.672 2.01326e-05 2.01326e-05 
117.452 2.16813e-05 2.16813e-05 
119.233 1.8584e-05 1.8584e-05 
121.013 1.70353e-05 1.70353e-05 
122.793 2.16813e-05 2.16813e-05 
124.574 3.09733e-05 3.09733e-05 
126.354 1.54867e-05 1.54867e-05 
128.135 1.3938e-05 1.3938e-05 
129.915 1.54867e-05 1.54867e-05 
131.695 7.74333e-06 7.74333e-06 
133.476 1.8584e-05 1.8584e-05 
135.256 7.74333e-06 7.74333e-06 
137.037 9.29199e-06 9.29199e-06 
138.817 1.23893e-05 1.23893e-05 
140.598 7.74333e-06 7.74333e-06 
142.378 1.70353e-05 1.70353e-05 
144.158 1.08407e-05 1.08407e-05 
145.939 1.70353e-05 1.70353e-05 
147.719 9.29199e-06 9.29199e-06 
149.5 1.3938e-05 1.3938e-05 
151.28 9.29199e-06 9.29199e-06 
153.061 1.23893e-05 1.23893e-05 
154.841 9.29199e-06 9.29199e-06 
156.621 7.74333e-06 7.74333e-06 
158.402 7.74333e-06 7.74333e-06 
160.182 4.646e-06 4.646e-06 
161.963 3.09733e-06 3.09733e-06 
163.743 9.29199e-06 9.29199e-06 
165.523 1.54867e-06 1.54867e-06 
167.304 3.09733e-06 3.09733e-06 
169.084 6.19466e-06 6.19466e-06 
170.865 0 0 
172.645 4.646e-06 4.646e-06 
174.426 1.54867e-06 1.54867e-06 
176.206 0 0 
177.986 3.09733e-06 3.09733e-06 
179.767 0 0 
181.547 0 0 
183.328 3.09733e-06 3.09733e-06 




x=U_y/U_D 	 PDF 	 dV/Vdx
-143.608 1.31233e-06 1.31233e-06 
-141.507 0 0 
-139.406 0 0 
-137.305 0 0 
-135.204 0 0 
-133.103 1.31233e-06 1.31233e-06 
-131.002 1.31233e-06 1.31233e-06 
-128.901 2.62466e-06 2.62466e-06 
-126.8 2.62466e-06 2.62466e-06 
-124.699 0 0 
-122.598 5.24932e-06 5.24932e-06 
-120.497 0 0 
-118.396 0 0 
-116.295 1.31233e-06 1.31233e-06 
-114.194 5.24932e-06 5.24932e-06 
-112.092 7.87398e-06 7.87398e-06 
-109.991 7.87398e-06 7.87398e-06 
-107.89 6.56165e-06 6.56165e-06 
-105.789 1.31233e-05 1.31233e-05 
-103.688 9.18631e-06 9.18631e-06 
-101.587 3.93699e-06 3.93699e-06 
-99.4862 7.87398e-06 7.87398e-06 
-97.3851 1.04986e-05 1.04986e-05 
-95.2841 1.04986e-05 1.04986e-05 
-93.183 2.49343e-05 2.49343e-05 
-91.082 1.9685e-05 1.9685e-05 
-88.9809 1.83726e-05 1.83726e-05 
-86.8798 3.41206e-05 3.41206e-05 
-84.7788 2.23096e-05 2.23096e-05 
-82.6777 4.06822e-05 4.06822e-05 
-80.5767 3.28083e-05 3.28083e-05 
-78.4756 3.80576e-05 3.80576e-05 
-76.3746 4.98686e-05 4.98686e-05 
-74.2735 4.59316e-05 4.59316e-05 
-72.1725 4.06822e-05 4.06822e-05 
-70.0714 4.85562e-05 4.85562e-05 
-67.9704 5.90549e-05 5.90549e-05 
-65.8693 7.34905e-05 7.34905e-05 
-63.7683 5.90549e-05 5.90549e-05 
-61.6672 6.43042e-05 6.43042e-05 
-59.5662 7.74275e-05 7.74275e-05 
-57.4651 8.26768e-05 8.26768e-05 
-55.3641 8.00521e-05 8.00521e-05 
-53.263 0.000103674 0.000103674 
-51.162 0.000131233 0.000131233 
-49.0609 0.000136482 0.000136482 
-46.9599 0.000162729 0.000162729 
-44.8588 0.000186351 0.000186351 
-42.7578 0.000212598 0.000212598 
-40.6567 0.000278214 0.000278214 
-38.5556 0.000337269 0.000337269 
-36.4546 0.000471127 0.000471127 
-34.3535 0.000539368 0.000539368 
-32.2525 0.000678475 0.000678475 
-30.1514 0.00077165 0.00077165 
-28.0504 0.000914694 0.000914694 
-25.9493 0.00116666 0.00116666 
-23.8483 0.00145144 0.00145144 
-21.7472 0.00167322 0.00167322 
-19.6462 0.00227296 0.00227296 
-17.5451 0.00285563 0.00285563 
-15.4441 0.0036929 0.0036929 
-13.343 0.00491861 0.00491861 
-11.242 0.00612202 0.00612202 
-9.14092 0.00817975 0.00817975 
-7.03987 0.0120774 0.0120774 
-4.93881 0.0185314 0.0185314 
-2.83776 0.0305091 0.0305091 
-0.73671 0.0671414 0.0671414 
1.36434 0.214325 0.214325 
3.46539 0.039051 0.039051 
5.56645 0.0188096 0.0188096 
7.6675 0.0110695 0.0110695 
9.76855 0.0070669 0.0070669 
11.8696 0.00489499 0.00489499 
13.9707 0.00360235 0.00360235 
16.0717 0.00243306 0.00243306 
18.1728 0.00165354 0.00165354 
20.2738 0.00132939 0.00132939 
22.3749 0.00100524 0.00100524 
24.4759 0.000738842 0.000738842 
26.577 0.000583987 0.000583987 
28.678 0.000480313 0.000480313 
30.7791 0.00036614 0.00036614 
32.8801 0.000278214 0.000278214 
34.9812 0.000224408 0.000224408 
37.0822 0.000215222 0.000215222 
39.1833 0.000181102 0.000181102 
41.2843 0.000145669 0.000145669 
43.3854 0.000132545 0.000132545 
45.4864 9.58001e-05 9.58001e-05 
47.5875 8.66138e-05 8.66138e-05 
49.6885 8.39891e-05 8.39891e-05 
51.7896 7.08658e-05 7.08658e-05 
53.8906 4.85562e-05 4.85562e-05 
55.9917 5.11809e-05 5.11809e-05 
58.0928 5.38055e-05 5.38055e-05 
60.1938 3.67452e-05 3.67452e-05 
62.2949 3.41206e-05 3.41206e-05 
64.3959 3.80576e-05 3.80576e-05 
66.497 1.44356e-05 1.44356e-05 
68.598 2.49343e-05 2.49343e-05 
70.6991 2.09973e-05 2.09973e-05 
72.8001 1.70603e-05 1.70603e-05 
74.9012 2.75589e-05 2.75589e-05 
77.0022 1.44356e-05 1.44356e-05 
79.1033 1.44356e-05 1.44356e-05 
81.2043 1.31233e-05 1.31233e-05 
83.3054 1.04986e-05 1.04986e-05 
85.4064 6.56165e-06 6.56165e-06 
87.5075 7.87398e-06 7.87398e-06 
89.6085 6.56165e-06 6.56165e-06 
91.7096 6.56165e-06 6.56165e-06 
93.8106 1.04986e-05 1.04986e-05 
95.9117 2.62466e-06 2.62466e-06 
98.0127 3.93699e-06 3.93699e-06 
100.114 5.24932e-06 5.24932e-06 
102.215 1.31233e-06 1.31233e-06 
104.316 5.24932e-06 5.24932e-06 
106.417 3.93699e-06 3.93699e-06 
108.518 2.62466e-06 2.62466e-06 
110.619 7.87398e-06 7.87398e-06 
112.72 3.93699e-06 3.93699e-06 
114.821 1.31233e-06 1.31233e-06 
116.922 1.31233e-06 1.31233e-06 
119.023 0 0 
121.124 1.31233e-06 1.31233e-06 
123.225 2.62466e-06 2.62466e-06 




x=U_z/U_D 	 PDF 	 dV/Vdx
-112.635 1.85942e-06 1.85942e-06 
-111.152 1.85942e-06 1.85942e-06 
-109.669 0 0 
-108.186 1.85942e-06 1.85942e-06 
-106.703 1.85942e-06 1.85942e-06 
-105.221 3.71884e-06 3.71884e-06 
-103.738 3.71884e-06 3.71884e-06 
-102.255 1.85942e-06 1.85942e-06 
-100.772 5.57826e-06 5.57826e-06 
-99.2891 3.71884e-06 3.71884e-06 
-97.8063 5.57826e-06 5.57826e-06 
-96.3234 3.71884e-06 3.71884e-06 
-94.8405 7.43767e-06 7.43767e-06 
-93.3576 9.29709e-06 9.29709e-06 
-91.8748 1.11565e-05 1.11565e-05 
-90.3919 7.43767e-06 7.43767e-06 
-88.909 3.71884e-06 3.71884e-06 
-87.4262 1.11565e-05 1.11565e-05 
-85.9433 1.11565e-05 1.11565e-05 
-84.4604 5.57826e-06 5.57826e-06 
-82.9776 3.71884e-06 3.71884e-06 
-81.4947 1.11565e-05 1.11565e-05 
-80.0118 2.04536e-05 2.04536e-05 
-78.529 1.67348e-05 1.67348e-05 
-77.0461 1.85942e-05 1.85942e-05 
-75.5632 9.29709e-06 9.29709e-06 
-74.0803 2.41724e-05 2.41724e-05 
-72.5975 2.41724e-05 2.41724e-05 
-71.1146 1.85942e-05 1.85942e-05 
-69.6317 2.2313e-05 2.2313e-05 
-68.1489 3.34695e-05 3.34695e-05 
-66.666 2.04536e-05 2.04536e-05 
-65.1831 4.27666e-05 4.27666e-05 
-63.7003 4.4626e-05 4.4626e-05 
-62.2174 3.90478e-05 3.90478e-05 
-60.7345 6.13608e-05 6.13608e-05 
-59.2517 3.71884e-05 3.71884e-05 
-57.7688 5.95014e-05 5.95014e-05 
-56.2859 7.06579e-05 7.06579e-05 
-54.803 7.25173e-05 7.25173e-05 
-53.3202 7.43767e-05 7.43767e-05 
-51.8373 8.92521e-05 8.92521e-05 
-50.3544 9.66898e-05 9.66898e-05 
-48.8716 9.85492e-05 9.85492e-05 
-47.3887 0.000122722 0.000122722 
-45.9058 0.000107846 0.000107846 
-44.423 0.000152472 0.000152472 
-42.9401 0.000150613 0.000150613 
-41.4572 0.000143175 0.000143175 
-39.9744 0.000208255 0.000208255 
-38.4915 0.00022499 0.00022499 
-37.0086 0.000299366 0.000299366 
-35.5258 0.000321679 0.000321679 
-34.0429 0.000330977 0.000330977 
-32.56 0.000379321 0.000379321 
-31.0771 0.000379321 0.000379321 
-29.5943 0.000496465 0.000496465 
-28.1114 0.000496465 0.000496465 
-26.6285 0.000559685 0.000559685 
-25.1457 0.000738189 0.000738189 
-23.6628 0.000801409 0.000801409 
-22.1799 0.000916693 0.000916693 
-20.6971 0.0011361 0.0011361 
-19.2142 0.00136853 0.00136853 
-17.7313 0.00148382 0.00148382 
-16.2485 0.00194867 0.00194867 
-14.7656 0.00222758 0.00222758 
-13.2827 0.00279843 0.00279843 
-11.7998 0.00354777 0.00354777 
-10.317 0.00499068 0.00499068 
-8.83411 0.00693935 0.00693935 
-7.35124 0.00918367 0.00918367 
-5.86837 0.0126533 0.0126533 
-4.3855 0.016692 0.016692 
-2.90263 0.0264019 0.0264019 
-1.41976 0.0464204 0.0464204 
0.0631081 0.229328 0.229328 
1.54598 0.139442 0.139442 
3.02885 0.0490477 0.0490477 
4.51172 0.0285049 0.0285049 
5.99458 0.0185682 0.0185682 
7.47745 0.0129787 0.0129787 
8.96032 0.00975265 0.00975265 
10.4432 0.00775006 0.00775006 
11.9261 0.0061305 0.0061305 
13.4089 0.00484007 0.00484007 
14.8918 0.00389548 0.00389548 
16.3747 0.00304573 0.00304573 
17.8575 0.00250836 0.00250836 
19.3404 0.001984 0.001984 
20.8233 0.00166418 0.00166418 
22.3061 0.001402 0.001402 
23.789 0.00117515 0.00117515 
25.2719 0.000946444 0.000946444 
26.7548 0.000844176 0.000844176 
28.2376 0.000706579 0.000706579 
29.7205 0.000624765 0.000624765 
31.2034 0.000487168 0.000487168 
32.6862 0.000468573 0.000468573 
34.1691 0.000371884 0.000371884 
35.652 0.000327258 0.000327258 
37.1348 0.000243584 0.000243584 
38.6177 0.000236146 0.000236146 
40.1006 0.000165488 0.000165488 
41.5834 0.000143175 0.000143175 
43.0663 0.000139456 0.000139456 
44.5492 0.000120862 0.000120862 
46.032 0.000115284 0.000115284 
47.5149 9.11115e-05 9.11115e-05 
48.9978 0.000109706 0.000109706 
50.4807 7.9955e-05 7.9955e-05 
51.9635 7.43767e-05 7.43767e-05 
53.4464 3.90478e-05 3.90478e-05 
54.9293 3.90478e-05 3.90478e-05 
56.4121 2.41724e-05 2.41724e-05 
57.895 4.83449e-05 4.83449e-05 
59.3779 3.71884e-05 3.71884e-05 
60.8607 3.34695e-05 3.34695e-05 
62.3436 1.67348e-05 1.67348e-05 
63.8265 3.16101e-05 3.16101e-05 
65.3093 5.57826e-06 5.57826e-06 
66.7922 5.57826e-06 5.57826e-06 
68.2751 1.11565e-05 1.11565e-05 
69.758 9.29709e-06 9.29709e-06 
71.2408 5.57826e-06 5.57826e-06 
72.7237 5.57826e-06 5.57826e-06 
74.2066 5.57826e-06 5.57826e-06 
75.6894 3.71884e-06 3.71884e-06 




x=mag(U)/U_D 	 PDF 	 dV/Vdx
0.792922 0.146345 0.146345 
2.37877 0.0981137 0.0981137 
3.96461 0.0647102 0.0647102 
5.55046 0.0454073 0.0454073 
7.1363 0.0351161 0.0351161 
8.72214 0.0286812 0.0286812 
10.308 0.0242407 0.0242407 
11.8938 0.0210276 0.0210276 
13.4797 0.0186369 0.0186369 
15.0655 0.0171295 0.0171295 
16.6514 0.0153282 0.0153282 
18.2372 0.0136121 0.0136121 
19.8231 0.0117865 0.0117865 
21.4089 0.0103069 0.0103069 
22.9947 0.00896463 0.00896463 
24.5806 0.00739634 0.00739634 
26.1664 0.00638791 0.00638791 
27.7523 0.00548205 0.00548205 
29.3381 0.00462836 0.00462836 
30.924 0.00411719 0.00411719 
32.5098 0.00372773 0.00372773 
34.0957 0.00319048 0.00319048 
35.6815 0.0029714 0.0029714 
37.2673 0.00274711 0.00274711 
38.8532 0.0023959 0.0023959 
40.439 0.00222377 0.00222377 
42.0249 0.00215422 0.00215422 
43.6107 0.00180301 0.00180301 
45.1966 0.0017126 0.0017126 
46.7824 0.00165348 0.00165348 
48.3683 0.00141528 0.00141528 
49.9541 0.00133531 0.00133531 
51.5399 0.00131444 0.00131444 
53.1258 0.00118926 0.00118926 
54.7116 0.00114927 0.00114927 
56.2975 0.00101365 0.00101365 
57.8833 0.000952796 0.000952796 
59.4692 0.00080327 0.00080327 
61.055 0.000676346 0.000676346 
62.6409 0.000662437 0.000662437 
64.2267 0.000563332 0.000563332 
65.8125 0.000514649 0.000514649 
67.3984 0.00050074 0.00050074 
68.9842 0.000439886 0.000439886 
70.5701 0.000419022 0.000419022 
72.1559 0.00039468 0.00039468 
73.7418 0.0003686 0.0003686 
75.3276 0.000312962 0.000312962 
76.9135 0.000359907 0.000359907 
78.4993 0.000300791 0.000300791 
80.0851 0.000283405 0.000283405 
81.671 0.000272973 0.000272973 
83.2568 0.000278189 0.000278189 
84.8427 0.00022429 0.00022429 
86.4285 0.000179084 0.000179084 
88.0144 0.000208641 0.000208641 
89.6002 0.000142572 0.000142572 
91.1861 0.000159958 0.000159958 
92.7719 0.00013214 0.00013214 
94.3577 0.00014431 0.00014431 
95.9436 0.000135617 0.000135617 
97.5294 0.00011823 0.00011823 
99.1153 9.215e-05 9.215e-05 
100.701 8.34566e-05 8.34566e-05 
102.287 7.82406e-05 7.82406e-05 
103.873 7.99792e-05 7.99792e-05 
105.459 7.99792e-05 7.99792e-05 
107.044 6.25924e-05 6.25924e-05 
108.63 6.95472e-05 6.95472e-05 
110.216 5.91151e-05 5.91151e-05 
111.802 5.3899e-05 5.3899e-05 
113.388 4.52057e-05 4.52057e-05 
114.974 4.17283e-05 4.17283e-05 
116.56 3.99896e-05 3.99896e-05 
118.145 4.8683e-05 4.8683e-05 
119.731 4.69443e-05 4.69443e-05 
121.317 3.47736e-05 3.47736e-05 
122.903 3.47736e-05 3.47736e-05 
124.489 4.8683e-05 4.8683e-05 
126.075 4.17283e-05 4.17283e-05 
127.66 3.65123e-05 3.65123e-05 
129.246 3.47736e-05 3.47736e-05 
130.832 2.26028e-05 2.26028e-05 
132.418 3.99896e-05 3.99896e-05 
134.004 2.43415e-05 2.43415e-05 
135.59 2.26028e-05 2.26028e-05 
137.176 2.78189e-05 2.78189e-05 
138.761 2.78189e-05 2.78189e-05 
140.347 3.12962e-05 3.12962e-05 
141.933 1.04321e-05 1.04321e-05 
143.519 1.56481e-05 1.56481e-05 
145.105 1.56481e-05 1.56481e-05 
146.691 1.21708e-05 1.21708e-05 
148.276 1.73868e-05 1.73868e-05 
149.862 1.73868e-05 1.73868e-05 
151.448 6.95472e-06 6.95472e-06 
153.034 2.08641e-05 2.08641e-05 
154.62 8.6934e-06 8.6934e-06 
156.206 1.91255e-05 1.91255e-05 
157.792 1.21708e-05 1.21708e-05 
159.377 1.04321e-05 1.04321e-05 
160.963 6.95472e-06 6.95472e-06 
162.549 1.04321e-05 1.04321e-05 
164.135 1.21708e-05 1.21708e-05 
165.721 8.6934e-06 8.6934e-06 
167.307 5.21604e-06 5.21604e-06 
168.892 1.39094e-05 1.39094e-05 
170.478 8.6934e-06 8.6934e-06 
172.064 1.73868e-06 1.73868e-06 
173.65 1.21708e-05 1.21708e-05 
175.236 6.95472e-06 6.95472e-06 
176.822 5.21604e-06 5.21604e-06 
178.407 5.21604e-06 5.21604e-06 
179.993 1.73868e-06 1.73868e-06 
181.579 3.47736e-06 3.47736e-06 
183.165 5.21604e-06 5.21604e-06 
184.751 3.47736e-06 3.47736e-06 
186.337 5.21604e-06 5.21604e-06 
187.923 5.21604e-06 5.21604e-06 
189.508 3.47736e-06 3.47736e-06 
191.094 3.47736e-06 3.47736e-06 
192.68 0 0 
194.266 1.73868e-06 1.73868e-06 
195.852 1.73868e-06 1.73868e-06 
197.438 0 0 
199.023 0 0 
200.609 0 0 
202.195 6.95472e-06 6.95472e-06 


