berea_128_11-1-Z/processor0	effPorosity= 0.182546 		K_z= 2.28248e-13 m^2 		FF_z= 27.7565 		DarcyVelocity= 8.18086e-07 m/s 		DelP= 0.917554 Pa 		K: 2.28248e-13 m^2 			K=( 0  0  2.28248e-13 ) Pmax-Pmin: 1.01248 Umax= 0.000150026		 effPorosity= V_pore/(L_x*L_y*L_z)= 3.06262e-12/(0.000256*0.000256*0.000256)= 0.182546		 Re=rho*VDarcy*sqrt(K)/mu= 1000*8.18086e-07*sqrt(2.28248e-13 )/0.001)= 3.90844e-07


x=mag(U)/U_D 	 PDF 	 dV/Vdx 	 PDF(log10(x)) 	 dV/Vd(log10(x))
1.54351e-14 1.16591e+09 1.16591e+09 4.14372e-05 4.14372e-05 
2.06341e-14 0 0 0 0 
2.75844e-14 0 0 0 0 
3.68758e-14 2.44008e+08 2.44008e+08 2.07186e-05 2.07186e-05 
4.92968e-14 0 0 0 0 
6.59016e-14 1.36537e+08 1.36537e+08 2.07186e-05 2.07186e-05 
8.80994e-14 1.02134e+08 1.02134e+08 2.07186e-05 2.07186e-05 
1.17774e-13 0 0 0 0 
1.57445e-13 1.143e+08 1.143e+08 4.14372e-05 4.14372e-05 
2.10477e-13 1.71001e+08 1.71001e+08 8.28744e-05 8.28744e-05 
2.81373e-13 6.39577e+07 6.39577e+07 4.14372e-05 4.14372e-05 
3.76149e-13 7.1764e+07 7.1764e+07 6.21558e-05 6.21558e-05 
5.02848e-13 1.43152e+08 1.43152e+08 0.000165749 0.000165749 
6.72224e-13 1.7401e+08 1.7401e+08 0.000269342 0.000269342 
8.98652e-13 1.1014e+08 1.1014e+08 0.000227905 0.000227905 
1.20135e-12 9.73687e+07 9.73687e+07 0.000269342 0.000269342 
1.606e-12 5.04244e+07 5.04244e+07 0.000186467 0.000186467 
2.14696e-12 8.38207e+07 8.38207e+07 0.000414372 0.000414372 
2.87013e-12 5.32958e+07 5.32958e+07 0.000352216 0.000352216 
3.83688e-12 5.62831e+07 5.62831e+07 0.000497246 0.000497246 
5.12927e-12 4.73645e+07 4.73645e+07 0.000559402 0.000559402 
6.85698e-12 3.80549e+07 3.80549e+07 0.000600839 0.000600839 
9.16664e-12 1.9632e+07 1.9632e+07 0.000414372 0.000414372 
1.22543e-11 1.46855e+07 1.46855e+07 0.000414372 0.000414372 
1.63819e-11 1.48301e+07 1.48301e+07 0.000559402 0.000559402 
2.18999e-11 9.0391e+06 9.0391e+06 0.000455809 0.000455809 
2.92765e-11 9.52768e+06 9.52768e+06 0.000642277 0.000642277 
3.91378e-11 5.51772e+06 5.51772e+06 0.000497246 0.000497246 
5.23208e-11 5.84722e+06 5.84722e+06 0.000704433 0.000704433 
6.99441e-11 2.70155e+06 2.70155e+06 0.000435091 0.000435091 
9.35037e-11 3.75302e+06 3.75302e+06 0.000808026 0.000808026 
1.24999e-10 2.87938e+06 2.87938e+06 0.000828744 0.000828744 
1.67103e-10 2.96159e+06 2.96159e+06 0.00113952 0.00113952 
2.23388e-10 2.33621e+06 2.33621e+06 0.00120168 0.00120168 
2.98633e-10 2.50083e+06 2.50083e+06 0.00171964 0.00171964 
3.99223e-10 1.84818e+06 1.84818e+06 0.00169893 0.00169893 
5.33694e-10 1.11275e+06 1.11275e+06 0.00136743 0.00136743 
7.1346e-10 1.08461e+06 1.08461e+06 0.0017818 0.0017818 
9.53778e-10 688685 688685 0.00151246 0.00151246 
1.27504e-09 663358 663358 0.00194755 0.00194755 
1.70452e-09 754882 754882 0.00296276 0.00296276 
2.27866e-09 568628 568628 0.00298348 0.00298348 
3.04619e-09 457847 457847 0.00321138 0.00321138 
4.07224e-09 338067 338067 0.00316995 0.00316995 
5.44391e-09 267762 267762 0.00335641 0.00335641 
7.2776e-09 264588 264588 0.00443378 0.00443378 
9.72894e-09 196997 196997 0.00441306 0.00441306 
1.3006e-08 134908 134908 0.00404013 0.00404013 
1.73868e-08 113854 113854 0.00455809 0.00455809 
2.32433e-08 93683.4 93683.4 0.0050139 0.0050139 
3.10724e-08 64286.9 64286.9 0.00459953 0.00459953 
4.15386e-08 54154.2 54154.2 0.00517965 0.00517965 
5.55303e-08 45370.5 45370.5 0.00580121 0.00580121 
7.42347e-08 34302.4 34302.4 0.00586336 0.00586336 
9.92394e-08 28470.2 28470.2 0.00650564 0.00650564 
1.32667e-07 19872.4 19872.4 0.00607055 0.00607055 
1.77353e-07 17452.8 17452.8 0.0071272 0.0071272 
2.37092e-07 14004.1 14004.1 0.00764516 0.00764516 
3.16952e-07 11298.9 11298.9 0.008246 0.008246 
4.23712e-07 8579.37 8579.37 0.00837032 0.00837032 
5.66433e-07 7783.82 7783.82 0.0101521 0.0101521 
7.57226e-07 6297.89 6297.89 0.0109809 0.0109809 
1.01229e-06 4799.94 4799.94 0.011188 0.011188 
1.35326e-06 3896.39 3896.39 0.0121411 0.0121411 
1.80908e-06 3392.12 3392.12 0.0141301 0.0141301 
2.41844e-06 2723.46 2723.46 0.015166 0.015166 
3.23305e-06 2348.96 2348.96 0.0174865 0.0174865 
4.32205e-06 2075.63 2075.63 0.0206564 0.0206564 
5.77786e-06 1454.54 1454.54 0.0193512 0.0193512 
7.72403e-06 1084.55 1084.55 0.019289 0.019289 
1.03257e-05 842.655 842.655 0.0200349 0.0200349 
1.38038e-05 617.3 617.3 0.0196205 0.0196205 
1.84534e-05 459.812 459.812 0.0195376 0.0195376 
2.46691e-05 343.227 343.227 0.0194962 0.0194962 
3.29785e-05 269.57 269.57 0.02047 0.02047 
4.40867e-05 227.568 227.568 0.0231012 0.0231012 
5.89366e-05 188.092 188.092 0.0255253 0.0255253 
7.87885e-05 152.577 152.577 0.0276801 0.0276801 
0.000105327 133.184 133.184 0.0323003 0.0323003 
0.000140805 87.6123 87.6123 0.0284052 0.0284052 
0.000188232 69.4092 69.4092 0.0300834 0.0300834 
0.000251635 56.4618 56.4618 0.0327147 0.0327147 
0.000336395 40.3096 40.3096 0.0312229 0.0312229 
0.000449704 28.3723 28.3723 0.029379 0.029379 
0.000601179 22.1964 22.1964 0.0307257 0.0307257 
0.000803676 16.5141 16.5141 0.0305599 0.0305599 
0.00107438 12.6295 12.6295 0.0312437 0.0312437 
0.00143627 9.02761 9.02761 0.0298555 0.0298555 
0.00192005 7.13726 7.13726 0.0315544 0.0315544 
0.00256679 5.32491 5.32491 0.0314716 0.0314716 
0.00343137 3.70526 3.70526 0.0292754 0.0292754 
0.00458717 2.64809 2.64809 0.0279701 0.0279701 
0.00613229 2.03956 2.03956 0.0287989 0.0287989 
0.00819784 1.66726 1.66726 0.0314716 0.0314716 
0.0109592 1.40809 1.40809 0.0355324 0.0355324 
0.0146506 1.15649 1.15649 0.0390131 0.0390131 
0.0195854 0.943196 0.943196 0.0425353 0.0425353 
0.0261824 0.781495 0.781495 0.0471141 0.0471141 
0.0350015 0.648084 0.648084 0.0522316 0.0522316 
0.0467911 0.565941 0.565941 0.0609748 0.0609748 
0.062552 0.498721 0.498721 0.0718314 0.0718314 
0.0836216 0.410292 0.410292 0.079 0.079 
0.111788 0.344423 0.344423 0.0886549 0.0886549 
0.149442 0.308759 0.308759 0.106245 0.106245 
0.199779 0.263932 0.263932 0.121411 0.121411 
0.267071 0.228629 0.228629 0.140596 0.140596 
0.35703 0.198292 0.198292 0.163014 0.163014 
0.47729 0.172762 0.172762 0.189865 0.189865 
0.638057 0.152543 0.152543 0.224113 0.224113 
0.852976 0.130437 0.130437 0.256186 0.256186 
1.14029 0.111397 0.111397 0.292485 0.292485 
1.52437 0.0902646 0.0902646 0.316829 0.316829 
2.03783 0.0753057 0.0753057 0.353356 0.353356 
2.72424 0.063687 0.063687 0.399496 0.399496 
3.64186 0.0511017 0.0511017 0.428523 0.428523 
4.86856 0.0402404 0.0402404 0.451106 0.451106 
6.50846 0.0307442 0.0307442 0.46074 0.46074 
8.70072 0.0223442 0.0223442 0.447646 0.447646 
11.6314 0.0157047 0.0157047 0.420608 0.420608 
15.5493 0.0108218 0.0108218 0.387459 0.387459 
20.7868 0.00719257 0.00719257 0.34426 0.34426 
27.7885 0.00454554 0.00454554 0.290848 0.290848 
37.1486 0.00281746 0.00281746 0.240999 0.240999 
49.6614 0.00175878 0.00175878 0.201115 0.201115 
66.3891 0.000997259 0.000997259 0.152447 0.152447 
88.7511 0.000299591 0.000299591 0.0612235 0.0612235 
118.645 7.56117e-05 7.56117e-05 0.0206564 0.0206564 
158.609 1.35018e-05 1.35018e-05 0.00493103 0.00493103 




x=U_x/U_D 	 PDF 	 dV/Vdx
-79.3434 1.57189e-06 1.57189e-06 
-77.6816 7.85946e-06 7.85946e-06 
-76.0199 1.57189e-06 1.57189e-06 
-74.3581 6.28757e-06 6.28757e-06 
-72.6963 4.71568e-06 4.71568e-06 
-71.0345 1.25751e-05 1.25751e-05 
-69.3727 1.10033e-05 1.10033e-05 
-67.7109 7.85946e-06 7.85946e-06 
-66.0492 6.28757e-06 6.28757e-06 
-64.3874 7.85946e-06 7.85946e-06 
-62.7256 1.88627e-05 1.88627e-05 
-61.0638 1.25751e-05 1.25751e-05 
-59.402 1.4147e-05 1.4147e-05 
-57.7402 2.35784e-05 2.35784e-05 
-56.0785 2.9866e-05 2.9866e-05 
-54.4167 3.92973e-05 3.92973e-05 
-52.7549 5.34444e-05 5.34444e-05 
-51.0931 6.91633e-05 6.91633e-05 
-49.4313 8.95979e-05 8.95979e-05 
-47.7695 0.000110033 0.000110033 
-46.1078 0.00011632 0.00011632 
-44.446 0.000155617 0.000155617 
-42.7842 0.000168193 0.000168193 
-41.1224 0.000163477 0.000163477 
-39.4606 0.000185483 0.000185483 
-37.7988 0.000226353 0.000226353 
-36.1371 0.000325382 0.000325382 
-34.4753 0.000317522 0.000317522 
-32.8135 0.000403976 0.000403976 
-31.1517 0.000490431 0.000490431 
-29.4899 0.000625613 0.000625613 
-27.8281 0.000833103 0.000833103 
-26.1664 0.00103902 0.00103902 
-24.5046 0.00123865 0.00123865 
-22.8428 0.00139898 0.00139898 
-21.181 0.00153731 0.00153731 
-19.5192 0.0017338 0.0017338 
-17.8574 0.00194129 0.00194129 
-16.1957 0.0023264 0.0023264 
-14.5339 0.00269422 0.00269422 
-12.8721 0.00316894 0.00316894 
-11.2103 0.00423154 0.00423154 
-9.54852 0.00563838 0.00563838 
-7.88674 0.00780602 0.00780602 
-6.22495 0.0109498 0.0109498 
-4.56317 0.0163964 0.0163964 
-2.90139 0.0248611 0.0248611 
-1.2396 0.0432302 0.0432302 
0.422181 0.291232 0.291232 
2.08396 0.0770369 0.0770369 
3.74575 0.0316343 0.0316343 
5.40753 0.0183456 0.0183456 
7.06932 0.0118914 0.0118914 
8.7311 0.00830745 0.00830745 
10.3929 0.00602192 0.00602192 
12.0547 0.00443588 0.00443588 
13.7164 0.00334342 0.00334342 
15.3782 0.00274924 0.00274924 
17.04 0.00219751 0.00219751 
18.7018 0.00169136 0.00169136 
20.3636 0.00136126 0.00136126 
22.0254 0.00117578 0.00117578 
23.6872 0.000952567 0.000952567 
25.3489 0.000759224 0.000759224 
27.0107 0.000650764 0.000650764 
28.6725 0.000488859 0.000488859 
30.3343 0.000394545 0.000394545 
31.9961 0.000344245 0.000344245 
33.6579 0.000267222 0.000267222 
35.3196 0.000190199 0.000190199 
36.9814 0.000147758 0.000147758 
38.6432 0.000132039 0.000132039 
40.305 0.000150902 0.000150902 
41.9668 0.000102173 0.000102173 
43.6286 0.000113176 0.000113176 
45.2903 8.8026e-05 8.8026e-05 
46.9521 8.01665e-05 8.01665e-05 
48.6139 9.11698e-05 9.11698e-05 
50.2757 5.34444e-05 5.34444e-05 
51.9375 5.65881e-05 5.65881e-05 
53.5993 4.87287e-05 4.87287e-05 
55.261 3.45816e-05 3.45816e-05 
56.9228 4.24411e-05 4.24411e-05 
58.5846 2.51503e-05 2.51503e-05 
60.2464 3.77254e-05 3.77254e-05 
61.9082 1.88627e-05 1.88627e-05 
63.57 3.61535e-05 3.61535e-05 
65.2317 1.88627e-05 1.88627e-05 
66.8935 2.82941e-05 2.82941e-05 
68.5553 2.51503e-05 2.51503e-05 
70.2171 1.4147e-05 1.4147e-05 
71.8789 9.43136e-06 9.43136e-06 
73.5407 2.20065e-05 2.20065e-05 
75.2024 9.43136e-06 9.43136e-06 
76.8642 1.4147e-05 1.4147e-05 
78.526 1.25751e-05 1.25751e-05 
80.1878 1.10033e-05 1.10033e-05 
81.8496 1.25751e-05 1.25751e-05 
83.5114 1.25751e-05 1.25751e-05 
85.1731 3.14379e-06 3.14379e-06 
86.8349 3.14379e-06 3.14379e-06 
88.4967 1.4147e-05 1.4147e-05 
90.1585 4.71568e-06 4.71568e-06 
91.8203 9.43136e-06 9.43136e-06 
93.4821 6.28757e-06 6.28757e-06 
95.1438 0 0 
96.8056 3.14379e-06 3.14379e-06 
98.4674 4.71568e-06 4.71568e-06 
100.129 7.85946e-06 7.85946e-06 
101.791 3.14379e-06 3.14379e-06 
103.453 7.85946e-06 7.85946e-06 
105.115 1.57189e-06 1.57189e-06 
106.776 6.28757e-06 6.28757e-06 
108.438 3.14379e-06 3.14379e-06 
110.1 7.85946e-06 7.85946e-06 
111.762 0 0 
113.423 1.57189e-06 1.57189e-06 
115.085 3.14379e-06 3.14379e-06 
116.747 1.57189e-06 1.57189e-06 
118.409 0 0 
120.071 4.71568e-06 4.71568e-06 
121.732 1.57189e-06 1.57189e-06 
123.394 0 0 
125.056 1.57189e-06 1.57189e-06 
126.718 1.57189e-06 1.57189e-06 
128.38 4.71568e-06 4.71568e-06 
130.041 1.57189e-06 1.57189e-06 
131.703 1.57189e-06 1.57189e-06 




x=U_y/U_D 	 PDF 	 dV/Vdx
-96.4659 1.94096e-06 1.94096e-06 
-95.1201 0 0 
-93.7743 0 0 
-92.4285 0 0 
-91.0827 1.94096e-06 1.94096e-06 
-89.7369 0 0 
-88.3911 0 0 
-87.0453 0 0 
-85.6995 7.76384e-06 7.76384e-06 
-84.3537 5.82288e-06 5.82288e-06 
-83.0079 5.82288e-06 5.82288e-06 
-81.6621 1.94096e-06 1.94096e-06 
-80.3163 3.88192e-06 3.88192e-06 
-78.9705 0 0 
-77.6247 3.88192e-06 3.88192e-06 
-76.2789 0 0 
-74.9331 3.88192e-06 3.88192e-06 
-73.5873 1.16458e-05 1.16458e-05 
-72.2415 3.88192e-06 3.88192e-06 
-70.8957 1.94096e-06 1.94096e-06 
-69.5499 1.94096e-06 1.94096e-06 
-68.2041 7.76384e-06 7.76384e-06 
-66.8583 1.74686e-05 1.74686e-05 
-65.5125 9.7048e-06 9.7048e-06 
-64.1667 5.82288e-06 5.82288e-06 
-62.8209 1.55277e-05 1.55277e-05 
-61.4751 1.74686e-05 1.74686e-05 
-60.1293 1.16458e-05 1.16458e-05 
-58.7835 1.94096e-05 1.94096e-05 
-57.4377 3.49373e-05 3.49373e-05 
-56.0919 2.52325e-05 2.52325e-05 
-54.7461 2.71734e-05 2.71734e-05 
-53.4003 5.04649e-05 5.04649e-05 
-52.0545 3.88192e-05 3.88192e-05 
-50.7087 4.07601e-05 4.07601e-05 
-49.3629 5.43469e-05 5.43469e-05 
-48.0171 6.21107e-05 6.21107e-05 
-46.6713 5.24059e-05 5.24059e-05 
-45.3255 6.40517e-05 6.40517e-05 
-43.9797 7.56974e-05 7.56974e-05 
-42.6339 5.62878e-05 5.62878e-05 
-41.2881 8.15203e-05 8.15203e-05 
-39.9423 0.000110635 0.000110635 
-38.5965 0.000128103 0.000128103 
-37.2507 0.000130044 0.000130044 
-35.9049 0.000143631 0.000143631 
-34.5591 0.000131985 0.000131985 
-33.2133 0.000205742 0.000205742 
-31.8674 0.000157218 0.000157218 
-30.5216 0.000230974 0.000230974 
-29.1758 0.000205742 0.000205742 
-27.83 0.000277557 0.000277557 
-26.4842 0.000320258 0.000320258 
-25.1384 0.000316376 0.000316376 
-23.7926 0.00046583 0.00046583 
-22.4468 0.000475535 0.000475535 
-21.101 0.00056676 0.00056676 
-19.7552 0.000634694 0.000634694 
-18.4094 0.000784148 0.000784148 
-17.0636 0.000906428 0.000906428 
-15.7178 0.00114517 0.00114517 
-14.372 0.00153142 0.00153142 
-13.0262 0.00201277 0.00201277 
-11.6804 0.00262612 0.00262612 
-10.3346 0.00326469 0.00326469 
-8.98882 0.00420412 0.00420412 
-7.64302 0.00509114 0.00509114 
-6.29722 0.00690981 0.00690981 
-4.95142 0.00994936 0.00994936 
-3.60562 0.0148949 0.0148949 
-2.25981 0.0233342 0.0233342 
-0.914013 0.0483241 0.0483241 
0.431788 0.34308 0.34308 
1.77759 0.0899421 0.0899421 
3.12339 0.0423634 0.0423634 
4.46919 0.0275325 0.0275325 
5.81499 0.0209662 0.0209662 
7.1608 0.0157722 0.0157722 
8.5066 0.012263 0.012263 
9.8524 0.00955146 0.00955146 
11.1982 0.00741252 0.00741252 
12.544 0.0061509 0.0061509 
13.8898 0.00505038 0.00505038 
15.2356 0.00424294 0.00424294 
16.5814 0.00363736 0.00363736 
17.9272 0.00321617 0.00321617 
19.273 0.00266494 0.00266494 
20.6188 0.00225734 0.00225734 
21.9646 0.00208653 0.00208653 
23.3104 0.00185168 0.00185168 
24.6562 0.00169446 0.00169446 
26.002 0.00151007 0.00151007 
27.3478 0.00124415 0.00124415 
28.6936 0.00112576 0.00112576 
30.0394 0.000923897 0.000923897 
31.3852 0.000797734 0.000797734 
32.731 0.00078997 0.00078997 
34.0768 0.000659926 0.000659926 
35.4226 0.000601697 0.000601697 
36.7684 0.000502708 0.000502708 
38.1142 0.000448362 0.000448362 
39.46 0.000392074 0.000392074 
40.8058 0.000368782 0.000368782 
42.1516 0.000273675 0.000273675 
43.4974 0.000289203 0.000289203 
44.8432 0.000197978 0.000197978 
46.189 0.000157218 0.000157218 
47.5348 0.000135867 0.000135867 
48.8806 9.5107e-05 9.5107e-05 
50.2264 7.95793e-05 7.95793e-05 
51.5722 8.34612e-05 8.34612e-05 
52.918 4.27011e-05 4.27011e-05 
54.2638 3.68782e-05 3.68782e-05 
55.6097 3.68782e-05 3.68782e-05 
56.9555 3.88192e-05 3.88192e-05 
58.3013 1.74686e-05 1.74686e-05 
59.6471 2.52325e-05 2.52325e-05 
60.9929 3.10553e-05 3.10553e-05 
62.3387 1.55277e-05 1.55277e-05 
63.6845 2.52325e-05 2.52325e-05 
65.0303 1.35867e-05 1.35867e-05 
66.3761 1.55277e-05 1.55277e-05 
67.7219 7.76384e-06 7.76384e-06 
69.0677 3.88192e-06 3.88192e-06 
70.4135 5.82288e-06 5.82288e-06 
71.7593 3.88192e-06 3.88192e-06 
73.1051 3.88192e-06 3.88192e-06 
74.4509 9.7048e-06 9.7048e-06 




x=U_z/U_D 	 PDF 	 dV/Vdx
-26.5918 3.27207e-06 3.27207e-06 
-24.9952 3.27207e-06 3.27207e-06 
-23.3985 1.30883e-05 1.30883e-05 
-21.8019 1.63603e-05 1.63603e-05 
-20.2053 1.14522e-05 1.14522e-05 
-18.6086 2.12684e-05 2.12684e-05 
-17.012 2.94486e-05 2.94486e-05 
-15.4154 3.10846e-05 3.10846e-05 
-13.8187 3.76288e-05 3.76288e-05 
-12.2221 4.58089e-05 4.58089e-05 
-10.6255 5.88972e-05 5.88972e-05 
-9.02884 0.000140699 0.000140699 
-7.43221 0.000248677 0.000248677 
-5.83558 0.000551343 0.000551343 
-4.23894 0.00116322 0.00116322 
-2.64231 0.00237061 0.00237061 
-1.04568 0.00753884 0.00753884 
0.550955 0.255861 0.255861 
2.14759 0.111206 0.111206 
3.74422 0.0541102 0.0541102 
5.34085 0.0329955 0.0329955 
6.93749 0.0234018 0.0234018 
8.53412 0.0175939 0.0175939 
10.1308 0.0143366 0.0143366 
11.7274 0.0116829 0.0116829 
13.324 0.00978839 0.00978839 
14.9207 0.00829469 0.00829469 
16.5173 0.00687789 0.00687789 
18.1139 0.00607623 0.00607623 
19.7106 0.00535474 0.00535474 
21.3072 0.00455635 0.00455635 
22.9038 0.00435185 0.00435185 
24.5005 0.0038774 0.0038774 
26.0971 0.00353874 0.00353874 
27.6937 0.00311828 0.00311828 
29.2904 0.0029105 0.0029105 
30.887 0.00267492 0.00267492 
32.4836 0.00262256 0.00262256 
34.0803 0.00242624 0.00242624 
35.6769 0.00205322 0.00205322 
37.2735 0.00185035 0.00185035 
38.8702 0.00179309 0.00179309 
40.4668 0.00168839 0.00168839 
42.0634 0.00159186 0.00159186 
43.6601 0.00144953 0.00144953 
45.2567 0.00142662 0.00142662 
46.8533 0.00133173 0.00133173 
48.45 0.0011305 0.0011305 
50.0466 0.000939083 0.000939083 
51.6432 0.000909635 0.000909635 
53.2399 0.000863826 0.000863826 
54.8365 0.000839285 0.000839285 
56.4331 0.00077548 0.00077548 
58.0298 0.00077548 0.00077548 
59.6264 0.000721491 0.000721491 
61.223 0.000595516 0.000595516 
62.8197 0.000559524 0.000559524 
64.4163 0.000566068 0.000566068 
66.0129 0.000515351 0.000515351 
67.6096 0.000417189 0.000417189 
69.2062 0.000356655 0.000356655 
70.8028 0.000359927 0.000359927 
72.3995 0.000291214 0.000291214 
73.9961 0.000278126 0.000278126 
75.5927 0.000215956 0.000215956 
77.1894 0.000217592 0.000217592 
78.786 0.000116158 0.000116158 
80.3826 0.000152151 0.000152151 
81.9793 0.000130883 0.000130883 
83.5759 0.00011943 0.00011943 
85.1725 9.97981e-05 9.97981e-05 
86.7692 8.18017e-05 8.18017e-05 
88.3658 8.83458e-05 8.83458e-05 
89.9624 8.18017e-05 8.18017e-05 
91.5591 8.50738e-05 8.50738e-05 
93.1557 7.36215e-05 7.36215e-05 
94.7523 7.19855e-05 7.19855e-05 
96.349 6.05332e-05 6.05332e-05 
97.9456 6.21693e-05 6.21693e-05 
99.5422 8.34377e-05 8.34377e-05 
101.139 6.87134e-05 6.87134e-05 
102.735 5.0717e-05 5.0717e-05 
104.332 3.43567e-05 3.43567e-05 
105.929 3.92648e-05 3.92648e-05 
107.525 5.39891e-05 5.39891e-05 
109.122 4.09008e-05 4.09008e-05 
110.719 2.45405e-05 2.45405e-05 
112.315 3.10846e-05 3.10846e-05 
113.912 1.79964e-05 1.79964e-05 
115.509 2.29045e-05 2.29045e-05 
117.105 1.79964e-05 1.79964e-05 
118.702 1.96324e-05 1.96324e-05 
120.298 1.63603e-05 1.63603e-05 
121.895 2.45405e-05 2.45405e-05 
123.492 1.47243e-05 1.47243e-05 
125.088 9.8162e-06 9.8162e-06 
126.685 8.18017e-06 8.18017e-06 
128.282 9.8162e-06 9.8162e-06 
129.878 4.9081e-06 4.9081e-06 
131.475 6.54414e-06 6.54414e-06 
133.072 4.9081e-06 4.9081e-06 
134.668 4.9081e-06 4.9081e-06 
136.265 1.63603e-06 1.63603e-06 
137.861 3.27207e-06 3.27207e-06 
139.458 0 0 
141.055 4.9081e-06 4.9081e-06 
142.651 0 0 
144.248 0 0 
145.845 3.27207e-06 3.27207e-06 
147.441 1.63603e-06 1.63603e-06 
149.038 3.27207e-06 3.27207e-06 
150.634 1.63603e-06 1.63603e-06 
152.231 0 0 
153.828 0 0 
155.424 0 0 
157.021 0 0 
158.618 0 0 
160.214 0 0 
161.811 0 0 
163.408 0 0 
165.004 0 0 
166.601 0 0 
168.197 1.63603e-06 1.63603e-06 
169.794 4.9081e-06 4.9081e-06 
171.391 1.63603e-06 1.63603e-06 
172.987 0 0 
174.584 0 0 
176.181 1.63603e-06 1.63603e-06 




x=mag(U)/U_D 	 PDF 	 dV/Vdx
0.716353 0.219899 0.219899 
2.14906 0.104927 0.104927 
3.58177 0.0643981 0.0643981 
5.01447 0.0460437 0.0460437 
6.44718 0.0350132 0.0350132 
7.87988 0.02727 0.02727 
9.31259 0.0221868 0.0221868 
10.7453 0.0183763 0.0183763 
12.178 0.0156177 0.0156177 
13.6107 0.0134718 0.0134718 
15.0434 0.0111381 0.0111381 
16.4761 0.0102739 0.0102739 
17.9088 0.00870408 0.00870408 
19.3415 0.00787633 0.00787633 
20.7742 0.00717439 0.00717439 
22.2069 0.00624455 0.00624455 
23.6397 0.0057778 0.0057778 
25.0724 0.00501752 0.00501752 
26.5051 0.00477685 0.00477685 
27.9378 0.00432651 0.00432651 
29.3705 0.00401656 0.00401656 
30.8032 0.00361728 0.00361728 
32.2359 0.00323987 0.00323987 
33.6686 0.00304114 0.00304114 
35.1013 0.00293539 0.00293539 
36.534 0.00275489 0.00275489 
37.9667 0.00265097 0.00265097 
39.3994 0.00235925 0.00235925 
40.8321 0.00223527 0.00223527 
42.2648 0.00214594 0.00214594 
43.6975 0.00211129 0.00211129 
45.1302 0.00194538 0.00194538 
46.563 0.00176306 0.00176306 
47.9957 0.00176306 0.00176306 
49.4284 0.00159715 0.00159715 
50.8611 0.00157709 0.00157709 
52.2938 0.00155156 0.00155156 
53.7265 0.00142576 0.00142576 
55.1592 0.00133642 0.00133642 
56.5919 0.00119239 0.00119239 
58.0246 0.00123068 0.00123068 
59.4573 0.00109211 0.00109211 
60.89 0.00103195 0.00103195 
62.3227 0.00100824 0.00100824 
63.7554 0.000864209 0.000864209 
65.1881 0.000716527 0.000716527 
66.6208 0.000738406 0.000738406 
68.0535 0.000596195 0.000596195 
69.4863 0.000579786 0.000579786 
70.919 0.000526912 0.000526912 
72.3517 0.000432104 0.000432104 
73.7844 0.000448513 0.000448513 
75.2171 0.000391993 0.000391993 
76.6498 0.000373761 0.000373761 
78.0825 0.000300832 0.000300832 
79.5152 0.000269837 0.000269837 
80.9479 0.000240666 0.000240666 
82.3806 0.000238842 0.000238842 
83.8133 0.000229726 0.000229726 
85.246 0.000215141 0.000215141 
86.6787 0.000176853 0.000176853 
88.1114 0.000162267 0.000162267 
89.5441 0.00016409 0.00016409 
90.9769 0.000162267 0.000162267 
92.4096 0.000134919 0.000134919 
93.8423 0.000116686 0.000116686 
95.275 0.000125803 0.000125803 
96.7077 0.000116686 0.000116686 
98.1404 0.00011304 0.00011304 
99.5731 6.19896e-05 6.19896e-05 
101.006 0.000105747 0.000105747 
102.439 8.9338e-05 8.9338e-05 
103.871 8.56916e-05 8.56916e-05 
105.304 8.9338e-05 8.9338e-05 
106.737 6.01664e-05 6.01664e-05 
108.169 8.56916e-05 8.56916e-05 
109.602 7.47522e-05 7.47522e-05 
111.035 4.92271e-05 4.92271e-05 
112.467 4.74038e-05 4.74038e-05 
113.9 6.01664e-05 6.01664e-05 
115.333 4.37574e-05 4.37574e-05 
116.766 4.92271e-05 4.92271e-05 
118.198 5.28735e-05 5.28735e-05 
119.631 4.74038e-05 4.74038e-05 
121.064 4.01109e-05 4.01109e-05 
122.496 3.64645e-05 3.64645e-05 
123.929 3.64645e-05 3.64645e-05 
125.362 2.37019e-05 2.37019e-05 
126.795 2.00555e-05 2.00555e-05 
128.227 2.73484e-05 2.73484e-05 
129.66 2.18787e-05 2.18787e-05 
131.093 2.55251e-05 2.55251e-05 
132.525 1.45858e-05 1.45858e-05 
133.958 1.6409e-05 1.6409e-05 
135.391 2.00555e-05 2.00555e-05 
136.823 5.46967e-06 5.46967e-06 
138.256 1.27626e-05 1.27626e-05 
139.689 1.09393e-05 1.09393e-05 
141.122 1.27626e-05 1.27626e-05 
142.554 5.46967e-06 5.46967e-06 
143.987 0 0 
145.42 7.2929e-06 7.2929e-06 
146.852 5.46967e-06 5.46967e-06 
148.285 1.82322e-06 1.82322e-06 
149.718 1.82322e-06 1.82322e-06 
151.151 3.64645e-06 3.64645e-06 
152.583 0 0 
154.016 3.64645e-06 3.64645e-06 
155.449 1.82322e-06 1.82322e-06 
156.881 3.64645e-06 3.64645e-06 
158.314 1.82322e-06 1.82322e-06 
159.747 1.82322e-06 1.82322e-06 
161.179 3.64645e-06 3.64645e-06 
162.612 3.64645e-06 3.64645e-06 
164.045 9.11612e-06 9.11612e-06 
165.478 1.82322e-06 1.82322e-06 
166.91 0 0 
168.343 1.82322e-06 1.82322e-06 
169.776 5.46967e-06 5.46967e-06 
171.208 1.82322e-06 1.82322e-06 
172.641 1.82322e-06 1.82322e-06 
174.074 0 0 
175.507 5.46967e-06 5.46967e-06 
176.939 0 0 
178.372 0 0 
179.805 1.82322e-06 1.82322e-06 
181.237 1.82322e-06 1.82322e-06 
182.67 3.64645e-06 3.64645e-06 


