berea_128_51-1-X/processor0	effPorosity= 0.236317 		K_x= 3.97634e-13 m^2 		FF_x= 15.461 		DarcyVelocity= 1.55326e-06 m/s 		DelP= 1 Pa 		K: 3.97634e-13 m^2 			K=( 3.97634e-13  0  0 ) Pmax-Pmin: 1.02206 Umax= 0.000198925		 effPorosity= V_pore/(L_x*L_y*L_z)= 3.96474e-12/(0.000256*0.000256*0.000256)= 0.236317		 Re=rho*VDarcy*sqrt(K)/mu= 1000*1.55326e-06*sqrt(3.97634e-13 )/0.001)= 9.79458e-07


x=mag(U)/U_D 	 PDF 	 dV/Vdx 	 PDF(log10(x)) 	 dV/Vd(log10(x))
3.60439e-14 1.99338e+08 1.99338e+08 1.65439e-05 1.65439e-05 
4.77307e-14 0 0 0 0 
6.32067e-14 0 0 0 0 
8.37006e-14 8.58407e+07 8.58407e+07 1.65439e-05 1.65439e-05 
1.10839e-13 0 0 0 0 
1.46778e-13 1.46853e+08 1.46853e+08 4.96317e-05 4.96317e-05 
1.94368e-13 0 0 0 0 
2.5739e-13 8.37437e+07 8.37437e+07 4.96317e-05 4.96317e-05 
3.40845e-13 0 0 0 0 
4.51359e-13 1.59184e+07 1.59184e+07 1.65439e-05 1.65439e-05 
5.97706e-13 4.80833e+07 4.80833e+07 6.61755e-05 6.61755e-05 
7.91504e-13 9.07755e+06 9.07755e+06 1.65439e-05 1.65439e-05 
1.04814e-12 1.37099e+07 1.37099e+07 3.30878e-05 3.30878e-05 
1.38798e-12 1.55295e+07 1.55295e+07 4.96317e-05 4.96317e-05 
1.83802e-12 1.17272e+07 1.17272e+07 4.96317e-05 4.96317e-05 
2.43397e-12 2.95193e+06 2.95193e+06 1.65439e-05 1.65439e-05 
3.22316e-12 4.45831e+06 4.45831e+06 3.30878e-05 3.30878e-05 
4.26822e-12 5.05006e+06 5.05006e+06 4.96317e-05 4.96317e-05 
5.65213e-12 1.01695e+07 1.01695e+07 0.000132351 0.000132351 
7.48476e-12 5.75964e+06 5.75964e+06 9.92633e-05 9.92633e-05 
9.9116e-12 3.6245e+06 3.6245e+06 8.27194e-05 8.27194e-05 
1.31253e-11 6.02151e+06 6.02151e+06 0.000181983 0.000181983 
1.7381e-11 4.96053e+06 4.96053e+06 0.000198527 0.000198527 
2.30166e-11 4.05812e+06 4.05812e+06 0.000215071 0.000215071 
3.04794e-11 2.59304e+06 2.59304e+06 0.000181983 0.000181983 
4.03619e-11 2.13615e+06 2.13615e+06 0.000198527 0.000198527 
5.34487e-11 3.49509e+06 3.49509e+06 0.000430141 0.000430141 
7.07787e-11 1.72571e+06 1.72571e+06 0.000281246 0.000281246 
9.37278e-11 2.06975e+06 2.06975e+06 0.000446685 0.000446685 
1.24118e-10 1.62086e+06 1.62086e+06 0.000463229 0.000463229 
1.64361e-10 2.05457e+06 2.05457e+06 0.000777563 0.000777563 
2.17653e-10 1.41947e+06 1.41947e+06 0.000711387 0.000711387 
2.88224e-10 1.64526e+06 1.64526e+06 0.0010919 0.0010919 
3.81677e-10 1.69421e+06 1.69421e+06 0.00148895 0.00148895 
5.05431e-10 1.54948e+06 1.54948e+06 0.00180328 0.00180328 
6.6931e-10 1.36332e+06 1.36332e+06 0.00210107 0.00210107 
8.86325e-10 1.33756e+06 1.33756e+06 0.00272974 0.00272974 
1.1737e-09 1.23656e+06 1.23656e+06 0.00334186 0.00334186 
1.55426e-09 984639 984639 0.00352385 0.00352385 
2.05821e-09 886678 886678 0.00420215 0.00420215 
2.72556e-09 722299 722299 0.00453302 0.00453302 
3.60928e-09 420033 420033 0.00349076 0.00349076 
4.77955e-09 333725 333725 0.00367274 0.00367274 
6.32925e-09 304232 304232 0.00443376 0.00443376 
8.38142e-09 176592 176592 0.00340804 0.00340804 
1.1099e-08 115875 115875 0.00296136 0.00296136 
1.46977e-08 64527.8 64527.8 0.00218379 0.00218379 
1.94632e-08 63863.6 63863.6 0.00286209 0.00286209 
2.57739e-08 52965.8 52965.8 0.00314334 0.00314334 
3.41307e-08 37681.6 37681.6 0.00296136 0.00296136 
4.51972e-08 25434.9 25434.9 0.00264702 0.00264702 
5.98518e-08 21368.1 21368.1 0.00294481 0.00294481 
7.92579e-08 18493.1 18493.1 0.00337495 0.00337495 
1.04956e-07 14718.1 14718.1 0.00355694 0.00355694 
1.38987e-07 10545.8 10545.8 0.00337495 0.00337495 
1.84051e-07 8861.52 8861.52 0.00375546 0.00375546 
2.43728e-07 6013.77 6013.77 0.00337495 0.00337495 
3.22753e-07 5698.9 5698.9 0.00423523 0.00423523 
4.27402e-07 4135.43 4135.43 0.0040698 0.0040698 
5.65981e-07 3313.3 3313.3 0.00431795 0.00431795 
7.49492e-07 2741.7 2741.7 0.00473155 0.00473155 
9.92505e-07 1932.86 1932.86 0.00441722 0.00441722 
1.31431e-06 1465.07 1465.07 0.00443376 0.00443376 
1.74046e-06 1217.81 1217.81 0.00488045 0.00488045 
2.30478e-06 969.511 969.511 0.00514515 0.00514515 
3.05207e-06 875.729 875.729 0.00615433 0.00615433 
4.04167e-06 671.975 671.975 0.00625359 0.00625359 
5.35213e-06 562.483 562.483 0.00693189 0.00693189 
7.08748e-06 439.967 439.967 0.00718005 0.00718005 
9.3855e-06 352.911 352.911 0.00762673 0.00762673 
1.24286e-05 268.814 268.814 0.00769291 0.00769291 
1.64584e-05 218.275 218.275 0.00827194 0.00827194 
2.17949e-05 160.875 160.875 0.00807342 0.00807342 
2.88616e-05 121.734 121.734 0.00808996 0.00808996 
3.82195e-05 95.4993 95.4993 0.00840429 0.00840429 
5.06117e-05 72.8263 72.8263 0.00848701 0.00848701 
6.70219e-05 53.7085 53.7085 0.00828849 0.00828849 
8.87528e-05 34.0008 34.0008 0.00694843 0.00694843 
0.00011753 25.309 25.309 0.00684917 0.00684917 
0.000155637 19.1121 19.1121 0.00684917 0.00684917 
0.0002061 15.0949 15.0949 0.0071635 0.0071635 
0.000272926 11.3726 11.3726 0.00714696 0.00714696 
0.000361418 9.88025 9.88025 0.00822231 0.00822231 
0.000478603 7.50613 7.50613 0.00827194 0.00827194 
0.000633784 6.52985 6.52985 0.00952928 0.00952928 
0.00083928 5.32482 5.32482 0.0102903 0.0102903 
0.00111141 4.54469 4.54469 0.0116304 0.0116304 
0.00147176 3.67603 3.67603 0.0124575 0.0124575 
0.00194896 2.9566 2.9566 0.0132682 0.0132682 
0.00258089 2.69759 2.69759 0.016031 0.016031 
0.00341771 2.19476 2.19476 0.0172718 0.0172718 
0.00452585 1.85106 1.85106 0.0192902 0.0192902 
0.0059933 1.57765 1.57765 0.0217718 0.0217718 
0.00793655 1.37967 1.37967 0.0252129 0.0252129 
0.0105099 1.15329 1.15329 0.0279095 0.0279095 
0.0139176 0.968483 0.968483 0.0310363 0.0310363 
0.0184301 0.793337 0.793337 0.0336668 0.0336668 
0.0244059 0.72774 0.72774 0.0408965 0.0408965 
0.0323191 0.593794 0.593794 0.0441887 0.0441887 
0.0427982 0.529491 0.529491 0.0521794 0.0521794 
0.0566749 0.457401 0.457401 0.0596903 0.0596903 
0.075051 0.416251 0.416251 0.0719328 0.0719328 
0.0993853 0.366384 0.366384 0.0838444 0.0838444 
0.13161 0.330449 0.330449 0.10014 0.10014 
0.174282 0.303298 0.303298 0.121713 0.121713 
0.230791 0.26216 0.26216 0.139316 0.139316 
0.305622 0.234692 0.234692 0.165158 0.165158 
0.404716 0.205846 0.205846 0.191826 0.191826 
0.535939 0.179938 0.179938 0.222052 0.222052 
0.70971 0.158538 0.158538 0.259077 0.259077 
0.939824 0.140193 0.140193 0.303382 0.303382 
1.24455 0.120606 0.120606 0.345618 0.345618 
1.64808 0.102249 0.102249 0.38802 0.38802 
2.18245 0.0872648 0.0872648 0.438529 0.438529 
2.89007 0.074945 0.074945 0.498732 0.498732 
3.82714 0.0603514 0.0603514 0.531836 0.531836 
5.06804 0.0455788 0.0455788 0.531886 0.531886 
6.71129 0.03483 0.03483 0.538239 0.538239 
8.88733 0.0272414 0.0272414 0.557463 0.557463 
11.7689 0.0202863 0.0202863 0.549737 0.549737 
15.5848 0.0132981 0.0132981 0.477208 0.477208 
20.638 0.00839469 0.00839469 0.398923 0.398923 
27.3296 0.00427289 0.00427289 0.268888 0.268888 
36.1909 0.00193843 0.00193843 0.161534 0.161534 
47.9253 0.000762189 0.000762189 0.0841091 0.0841091 
63.4644 0.000266953 0.000266953 0.0390105 0.0390105 
84.0419 8.08755e-05 8.08755e-05 0.0156505 0.0156505 
111.291 3.0924e-05 3.0924e-05 0.00792452 0.00792452 




x=U_x/U_D 	 PDF 	 dV/Vdx
-17.1364 4.02168e-06 4.02168e-06 
-16.1329 0 0 
-15.1295 2.01084e-06 2.01084e-06 
-14.126 4.02168e-06 4.02168e-06 
-13.1226 0 0 
-12.1191 2.01084e-05 2.01084e-05 
-11.1157 5.83144e-05 5.83144e-05 
-10.1122 6.63577e-05 6.63577e-05 
-9.10877 0.000102553 0.000102553 
-8.10532 0.000124672 0.000124672 
-7.10187 0.000195051 0.000195051 
-6.09841 0.000450428 0.000450428 
-5.09496 0.000969225 0.000969225 
-4.09151 0.0019485 0.0019485 
-3.08805 0.00320528 0.00320528 
-2.0846 0.00499694 0.00499694 
-1.08114 0.00949318 0.00949318 
-0.0776902 0.0482581 0.0482581 
0.925763 0.353067 0.353067 
1.92922 0.114606 0.114606 
2.93267 0.076979 0.076979 
3.93612 0.0555716 0.0555716 
4.93958 0.0427545 0.0427545 
5.94303 0.0356924 0.0356924 
6.94649 0.0304944 0.0304944 
7.94994 0.0255879 0.0255879 
8.95339 0.022443 0.022443 
9.95685 0.019296 0.019296 
10.9603 0.0167604 0.0167604 
11.9638 0.014848 0.014848 
12.9672 0.0128412 0.0128412 
13.9707 0.0114517 0.0114517 
14.9741 0.0101487 0.0101487 
15.9776 0.00901258 0.00901258 
16.981 0.00794684 0.00794684 
17.9845 0.00709625 0.00709625 
18.9879 0.00619741 0.00619741 
19.9914 0.0053609 0.0053609 
20.9948 0.00466314 0.00466314 
21.9983 0.00427907 0.00427907 
23.0017 0.00379244 0.00379244 
24.0052 0.00314696 0.00314696 
25.0087 0.00272067 0.00272067 
26.0121 0.00260605 0.00260605 
27.0156 0.00226018 0.00226018 
28.019 0.00208926 0.00208926 
29.0225 0.00205709 0.00205709 
30.0259 0.00174139 0.00174139 
31.0294 0.00157248 0.00157248 
32.0328 0.0014478 0.0014478 
33.0363 0.00131509 0.00131509 
34.0397 0.00113814 0.00113814 
35.0432 0.00108786 0.00108786 
36.0466 0.00108183 0.00108183 
37.0501 0.000939062 0.000939062 
38.0536 0.000850585 0.000850585 
39.057 0.00083852 0.00083852 
40.0605 0.000731946 0.000731946 
41.0639 0.000639447 0.000639447 
42.0674 0.000585154 0.000585154 
43.0708 0.000611295 0.000611295 
44.0743 0.00050271 0.00050271 
45.0777 0.00043032 0.00043032 
46.0812 0.000452439 0.000452439 
47.0846 0.000361951 0.000361951 
48.0881 0.000372005 0.000372005 
49.0915 0.000321734 0.000321734 
50.095 0.000349886 0.000349886 
51.0984 0.000271463 0.000271463 
52.1019 0.000289561 0.000289561 
53.1054 0.000251355 0.000251355 
54.1088 0.000247333 0.000247333 
55.1123 0.000205106 0.000205106 
56.1157 0.000189019 0.000189019 
57.1192 0.000136737 0.000136737 
58.1226 0.000140759 0.000140759 
59.1261 0.000124672 0.000124672 
60.1295 7.23902e-05 7.23902e-05 
61.133 6.43469e-05 6.43469e-05 
62.1364 8.64661e-05 8.64661e-05 
63.1399 7.23902e-05 7.23902e-05 
64.1433 6.2336e-05 6.2336e-05 
65.1468 6.03252e-05 6.03252e-05 
66.1503 6.03252e-05 6.03252e-05 
67.1537 7.64119e-05 7.64119e-05 
68.1572 9.04878e-05 9.04878e-05 
69.1606 4.42385e-05 4.42385e-05 
70.1641 4.02168e-05 4.02168e-05 
71.1675 5.0271e-05 5.0271e-05 
72.171 4.82602e-05 4.82602e-05 
73.1744 5.22818e-05 5.22818e-05 
74.1779 3.41843e-05 3.41843e-05 
75.1813 3.8206e-05 3.8206e-05 
76.1848 4.22276e-05 4.22276e-05 
77.1882 5.0271e-05 5.0271e-05 
78.1917 3.8206e-05 3.8206e-05 
79.1952 2.81518e-05 2.81518e-05 
80.1986 3.21734e-05 3.21734e-05 
81.2021 3.21734e-05 3.21734e-05 
82.2055 2.01084e-05 2.01084e-05 
83.209 3.41843e-05 3.41843e-05 
84.2124 2.41301e-05 2.41301e-05 
85.2159 2.01084e-05 2.01084e-05 
86.2193 2.81518e-05 2.81518e-05 
87.2228 2.01084e-05 2.01084e-05 
88.2262 2.01084e-05 2.01084e-05 
89.2297 3.41843e-05 3.41843e-05 
90.2331 1.80976e-05 1.80976e-05 
91.2366 3.01626e-05 3.01626e-05 
92.24 1.40759e-05 1.40759e-05 
93.2435 2.21192e-05 2.21192e-05 
94.247 1.80976e-05 1.80976e-05 
95.2504 2.21192e-05 2.21192e-05 
96.2539 1.40759e-05 1.40759e-05 
97.2573 1.40759e-05 1.40759e-05 
98.2608 2.21192e-05 2.21192e-05 
99.2642 1.60867e-05 1.60867e-05 
100.268 1.60867e-05 1.60867e-05 
101.271 1.40759e-05 1.40759e-05 
102.275 1.00542e-05 1.00542e-05 
103.278 4.02168e-06 4.02168e-06 
104.281 4.02168e-06 4.02168e-06 
105.285 1.00542e-05 1.00542e-05 
106.288 1.2065e-05 1.2065e-05 
107.292 4.02168e-06 4.02168e-06 
108.295 6.03252e-06 6.03252e-06 
109.299 6.03252e-06 6.03252e-06 
110.302 6.03252e-06 6.03252e-06 




x=U_y/U_D 	 PDF 	 dV/Vdx
-81.7 3.39223e-06 3.39223e-06 
-80.5104 1.01767e-05 1.01767e-05 
-79.3207 5.08834e-06 5.08834e-06 
-78.1311 1.69611e-06 1.69611e-06 
-76.9414 1.18728e-05 1.18728e-05 
-75.7518 1.01767e-05 1.01767e-05 
-74.5621 1.5265e-05 1.5265e-05 
-73.3725 1.35689e-05 1.35689e-05 
-72.1828 1.35689e-05 1.35689e-05 
-70.9932 1.01767e-05 1.01767e-05 
-69.8035 1.18728e-05 1.18728e-05 
-68.6139 1.86573e-05 1.86573e-05 
-67.4242 2.71378e-05 2.71378e-05 
-66.2345 1.01767e-05 1.01767e-05 
-65.0449 2.54417e-05 2.54417e-05 
-63.8552 1.5265e-05 1.5265e-05 
-62.6656 1.18728e-05 1.18728e-05 
-61.4759 1.86573e-05 1.86573e-05 
-60.2863 2.71378e-05 2.71378e-05 
-59.0966 3.39223e-05 3.39223e-05 
-57.907 3.39223e-05 3.39223e-05 
-56.7173 1.86573e-05 1.86573e-05 
-55.5277 1.86573e-05 1.86573e-05 
-54.338 2.88339e-05 2.88339e-05 
-53.1484 3.22262e-05 3.22262e-05 
-51.9587 4.57951e-05 4.57951e-05 
-50.7691 2.88339e-05 2.88339e-05 
-49.5794 3.05301e-05 3.05301e-05 
-48.3898 3.56184e-05 3.56184e-05 
-47.2001 2.88339e-05 2.88339e-05 
-46.0105 2.71378e-05 2.71378e-05 
-44.8208 4.24029e-05 4.24029e-05 
-43.6312 4.4099e-05 4.4099e-05 
-42.4415 4.4099e-05 4.4099e-05 
-41.2519 6.27562e-05 6.27562e-05 
-40.0622 5.76679e-05 5.76679e-05 
-38.8726 4.74912e-05 4.74912e-05 
-37.6829 5.25795e-05 5.25795e-05 
-36.4933 4.57951e-05 4.57951e-05 
-35.3036 7.12368e-05 7.12368e-05 
-34.114 6.44523e-05 6.44523e-05 
-32.9243 7.29329e-05 7.29329e-05 
-31.7347 5.76679e-05 5.76679e-05 
-30.545 8.65018e-05 8.65018e-05 
-29.3554 8.31096e-05 8.31096e-05 
-28.1657 9.15902e-05 9.15902e-05 
-26.976 0.000105159 0.000105159 
-25.7864 0.000149258 0.000149258 
-24.5967 0.000179788 0.000179788 
-23.4071 0.000210318 0.000210318 
-22.2174 0.000293428 0.000293428 
-21.0278 0.000323958 0.000323958 
-19.8381 0.000466431 0.000466431 
-18.6485 0.00062417 0.00062417 
-17.4588 0.000805654 0.000805654 
-16.2692 0.00101597 0.00101597 
-15.0795 0.00150276 0.00150276 
-13.8899 0.00185216 0.00185216 
-12.7002 0.0026188 0.0026188 
-11.5106 0.00327011 0.00327011 
-10.3209 0.00457612 0.00457612 
-9.13127 0.00604665 0.00604665 
-7.94162 0.00805824 0.00805824 
-6.75197 0.009907 0.009907 
-5.56232 0.0128548 0.0128548 
-4.37267 0.0183757 0.0183757 
-3.18302 0.0260065 0.0260065 
-1.99337 0.0396161 0.0396161 
-0.803714 0.0789439 0.0789439 
0.385938 0.355178 0.355178 
1.57559 0.114874 0.114874 
2.76524 0.0512769 0.0512769 
3.95489 0.0316359 0.0316359 
5.14454 0.019485 0.019485 
6.3342 0.0129515 0.0129515 
7.52385 0.00918446 0.00918446 
8.7135 0.00634347 0.00634347 
9.90315 0.00426233 0.00426233 
11.0928 0.00332269 0.00332269 
12.2825 0.00252551 0.00252551 
13.4721 0.00213371 0.00213371 
14.6618 0.00185894 0.00185894 
15.8514 0.0014841 0.0014841 
17.0411 0.00107025 0.00107025 
18.2307 0.000905725 0.000905725 
19.4204 0.000639435 0.000639435 
20.61 0.000491873 0.000491873 
21.7997 0.000361272 0.000361272 
22.9893 0.000217103 0.000217103 
24.179 0.000171308 0.000171308 
25.3686 0.000140777 0.000140777 
26.5583 0.000103463 0.000103463 
27.7479 8.81979e-05 8.81979e-05 
28.9376 7.12368e-05 7.12368e-05 
30.1272 5.25795e-05 5.25795e-05 
31.3169 4.91873e-05 4.91873e-05 
32.5065 4.74912e-05 4.74912e-05 
33.6962 4.24029e-05 4.24029e-05 
34.8858 4.07067e-05 4.07067e-05 
36.0755 2.03534e-05 2.03534e-05 
37.2651 2.03534e-05 2.03534e-05 
38.4548 1.69611e-05 1.69611e-05 
39.6444 1.69611e-05 1.69611e-05 
40.8341 1.86573e-05 1.86573e-05 
42.0237 1.35689e-05 1.35689e-05 
43.2134 1.69611e-06 1.69611e-06 
44.403 1.35689e-05 1.35689e-05 
45.5927 1.69611e-06 1.69611e-06 
46.7823 1.69611e-06 1.69611e-06 
47.972 1.01767e-05 1.01767e-05 
49.1617 1.69611e-06 1.69611e-06 
50.3513 1.18728e-05 1.18728e-05 
51.541 1.01767e-05 1.01767e-05 
52.7306 1.01767e-05 1.01767e-05 
53.9203 3.39223e-06 3.39223e-06 
55.1099 3.39223e-06 3.39223e-06 
56.2996 0 0 
57.4892 5.08834e-06 5.08834e-06 
58.6789 6.78446e-06 6.78446e-06 
59.8685 6.78446e-06 6.78446e-06 
61.0582 5.08834e-06 5.08834e-06 
62.2478 3.39223e-06 3.39223e-06 
63.4375 3.39223e-06 3.39223e-06 
64.6271 0 0 
65.8168 1.69611e-06 1.69611e-06 
67.0064 0 0 
68.1961 1.69611e-06 1.69611e-06 
69.3857 1.01767e-05 1.01767e-05 




x=U_z/U_D 	 PDF 	 dV/Vdx
-64.0279 4.27601e-06 4.27601e-06 
-63.0842 4.27601e-06 4.27601e-06 
-62.1404 4.27601e-06 4.27601e-06 
-61.1966 4.27601e-06 4.27601e-06 
-60.2529 6.41402e-06 6.41402e-06 
-59.3091 1.4966e-05 1.4966e-05 
-58.3653 1.2828e-05 1.2828e-05 
-57.4216 6.41402e-06 6.41402e-06 
-56.4778 1.069e-05 1.069e-05 
-55.534 1.069e-05 1.069e-05 
-54.5902 1.92421e-05 1.92421e-05 
-53.6465 1.4966e-05 1.4966e-05 
-52.7027 3.20701e-05 3.20701e-05 
-51.7589 2.77941e-05 2.77941e-05 
-50.8152 1.4966e-05 1.4966e-05 
-49.8714 2.77941e-05 2.77941e-05 
-48.9276 4.27601e-05 4.27601e-05 
-47.9839 3.42081e-05 3.42081e-05 
-47.0401 4.06221e-05 4.06221e-05 
-46.0963 2.35181e-05 2.35181e-05 
-45.1525 3.84841e-05 3.84841e-05 
-44.2088 4.27601e-05 4.27601e-05 
-43.265 2.35181e-05 2.35181e-05 
-42.3212 6.62782e-05 6.62782e-05 
-41.3775 4.27601e-05 4.27601e-05 
-40.4337 4.91741e-05 4.91741e-05 
-39.4899 5.77262e-05 5.77262e-05 
-38.5462 2.99321e-05 2.99321e-05 
-37.6024 6.62782e-05 6.62782e-05 
-36.6586 5.98642e-05 5.98642e-05 
-35.7149 5.13121e-05 5.13121e-05 
-34.7711 5.98642e-05 5.98642e-05 
-33.8273 8.12442e-05 8.12442e-05 
-32.8835 7.48302e-05 7.48302e-05 
-31.9398 0.000119728 0.000119728 
-30.996 0.000130418 0.000130418 
-30.0522 0.00014966 0.00014966 
-29.1085 0.000188145 0.000188145 
-28.1647 0.000175316 0.000175316 
-27.2209 0.000218077 0.000218077 
-26.2772 0.000239457 0.000239457 
-25.3334 0.000327115 0.000327115 
-24.3896 0.000380565 0.000380565 
-23.4458 0.000489603 0.000489603 
-22.5021 0.000598642 0.000598642 
-21.5583 0.00072906 0.00072906 
-20.6145 0.00088941 0.00088941 
-19.6708 0.000925757 0.000925757 
-18.727 0.00107114 0.00107114 
-17.7832 0.00120584 0.00120584 
-16.8395 0.00144529 0.00144529 
-15.8957 0.00153081 0.00153081 
-14.9519 0.00184082 0.00184082 
-14.0082 0.00216152 0.00216152 
-13.0644 0.00251429 0.00251429 
-12.1206 0.00291196 0.00291196 
-11.1768 0.00333529 0.00333529 
-10.2331 0.00390186 0.00390186 
-9.2893 0.00476775 0.00476775 
-8.34553 0.00569779 0.00569779 
-7.40177 0.00659789 0.00659789 
-6.458 0.00859051 0.00859051 
-5.51423 0.0116308 0.0116308 
-4.57046 0.0157379 0.0157379 
-3.62669 0.0210209 0.0210209 
-2.68292 0.0293035 0.0293035 
-1.73915 0.046647 0.046647 
-0.795378 0.0870917 0.0870917 
0.148391 0.404913 0.404913 
1.09216 0.166527 0.166527 
2.03593 0.067561 0.067561 
2.9797 0.0395959 0.0395959 
3.92347 0.0257523 0.0257523 
4.86724 0.0183954 0.0183954 
5.81101 0.0134352 0.0134352 
6.75478 0.0101684 0.0101684 
7.69855 0.00791917 0.00791917 
8.64232 0.00604414 0.00604414 
9.58609 0.00469078 0.00469078 
10.5299 0.00386979 0.00386979 
11.4736 0.00318349 0.00318349 
12.4174 0.00269389 0.00269389 
13.3612 0.0021209 0.0021209 
14.3049 0.00190283 0.00190283 
15.2487 0.00153295 0.00153295 
16.1925 0.0013726 0.0013726 
17.1362 0.00138543 0.00138543 
18.08 0.00107328 0.00107328 
19.0238 0.00100272 0.00100272 
19.9676 0.00088941 0.00088941 
20.9113 0.000923618 0.000923618 
21.8551 0.000827408 0.000827408 
22.7989 0.000737612 0.000737612 
23.7426 0.000658506 0.000658506 
24.6864 0.000572986 0.000572986 
25.6302 0.000540915 0.000540915 
26.5739 0.000455395 0.000455395 
27.5177 0.000425463 0.000425463 
28.4615 0.000367737 0.000367737 
29.4052 0.000335667 0.000335667 
30.349 0.000282217 0.000282217 
31.2928 0.000230905 0.000230905 
32.2366 0.000237319 0.000237319 
33.1803 0.000156074 0.000156074 
34.1241 0.000141108 0.000141108 
35.0679 0.000113314 0.000113314 
36.0116 0.000104762 0.000104762 
36.9554 0.000104762 0.000104762 
37.8992 8.97962e-05 8.97962e-05 
38.8429 4.70361e-05 4.70361e-05 
39.7867 7.69682e-05 7.69682e-05 
40.7305 4.91741e-05 4.91741e-05 
41.6743 4.70361e-05 4.70361e-05 
42.618 2.99321e-05 2.99321e-05 
43.5618 4.70361e-05 4.70361e-05 
44.5056 2.77941e-05 2.77941e-05 
45.4493 2.35181e-05 2.35181e-05 
46.3931 3.84841e-05 3.84841e-05 
47.3369 2.77941e-05 2.77941e-05 
48.2806 2.13801e-05 2.13801e-05 
49.2244 2.35181e-05 2.35181e-05 
50.1682 2.99321e-05 2.99321e-05 
51.1119 1.7104e-05 1.7104e-05 
52.0557 2.13801e-05 2.13801e-05 
52.9995 8.55202e-06 8.55202e-06 
53.9433 1.92421e-05 1.92421e-05 
54.887 1.069e-05 1.069e-05 
55.8308 1.2828e-05 1.2828e-05 




x=mag(U)/U_D 	 PDF 	 dV/Vdx
0.50027 0.212681 0.212681 
1.50081 0.148342 0.148342 
2.50135 0.0989108 0.0989108 
3.50189 0.0764791 0.0764791 
4.50243 0.0580566 0.0580566 
5.50297 0.0462227 0.0462227 
6.50351 0.0389888 0.0389888 
7.50405 0.0343806 0.0343806 
8.50459 0.0303654 0.0303654 
9.50513 0.027183 0.027183 
10.5057 0.0243153 0.0243153 
11.5062 0.0212943 0.0212943 
12.5068 0.0188097 0.0188097 
13.5073 0.0162727 0.0162727 
14.5078 0.0141713 0.0141713 
15.5084 0.0130379 0.0130379 
16.5089 0.0117997 0.0117997 
17.5095 0.0106925 0.0106925 
18.51 0.00960754 0.00960754 
19.5105 0.00892388 0.00892388 
20.5111 0.00763319 0.00763319 
21.5116 0.00682046 0.00682046 
22.5122 0.00619125 0.00619125 
23.5127 0.00537651 0.00537651 
24.5132 0.00451135 0.00451135 
25.5138 0.00413019 0.00413019 
26.5143 0.00377525 0.00377525 
27.5149 0.00351308 0.00351308 
28.5154 0.00310168 0.00310168 
29.5159 0.00294841 0.00294841 
30.5165 0.00268019 0.00268019 
31.517 0.00222442 0.00222442 
32.5176 0.00208123 0.00208123 
33.5181 0.00184326 0.00184326 
34.5186 0.00165571 0.00165571 
35.5192 0.00154681 0.00154681 
36.5197 0.0014379 0.0014379 
37.5203 0.00128867 0.00128867 
38.5208 0.00123018 0.00123018 
39.5213 0.00110717 0.00110717 
40.5219 0.00112733 0.00112733 
41.5224 0.000895413 0.000895413 
42.523 0.000901463 0.000901463 
43.5235 0.000764328 0.000764328 
44.524 0.000667526 0.000667526 
45.5246 0.000584842 0.000584842 
46.5251 0.000552575 0.000552575 
47.5257 0.000522324 0.000522324 
48.5262 0.000437623 0.000437623 
49.5267 0.000453756 0.000453756 
50.5273 0.000449723 0.000449723 
51.5278 0.000413423 0.000413423 
52.5284 0.000403339 0.000403339 
53.5289 0.000336788 0.000336788 
54.5294 0.000360988 0.000360988 
55.53 0.000308554 0.000308554 
56.5305 0.000308554 0.000308554 
57.5311 0.000272254 0.000272254 
58.5316 0.00024402 0.00024402 
59.5321 0.00024402 0.00024402 
60.5327 0.000177469 0.000177469 
61.5332 0.000189569 0.000189569 
62.5338 0.000165369 0.000165369 
63.5343 0.000181503 0.000181503 
64.5348 0.000185536 0.000185536 
65.5354 0.000121002 0.000121002 
66.5359 0.000112935 0.000112935 
67.5365 0.000112935 0.000112935 
68.537 0.000137135 0.000137135 
69.5375 0.000112935 0.000112935 
70.5381 0.000116968 0.000116968 
71.5386 9.68014e-05 9.68014e-05 
72.5392 0.000110918 0.000110918 
73.5397 9.88181e-05 9.88181e-05 
74.5402 7.86511e-05 7.86511e-05 
75.5408 7.2601e-05 7.2601e-05 
76.5413 8.47012e-05 8.47012e-05 
77.5419 8.47012e-05 8.47012e-05 
78.5424 6.85676e-05 6.85676e-05 
79.5429 6.05009e-05 6.05009e-05 
80.5435 7.86511e-05 7.86511e-05 
81.544 5.24341e-05 5.24341e-05 
82.5446 5.24341e-05 5.24341e-05 
83.5451 3.63005e-05 3.63005e-05 
84.5456 4.03339e-05 4.03339e-05 
85.5462 4.6384e-05 4.6384e-05 
86.5467 4.03339e-05 4.03339e-05 
87.5473 5.64675e-05 5.64675e-05 
88.5478 4.43673e-05 4.43673e-05 
89.5483 3.02504e-05 3.02504e-05 
90.5489 3.22671e-05 3.22671e-05 
91.5494 4.43673e-05 4.43673e-05 
92.55 2.82337e-05 2.82337e-05 
93.5505 3.83172e-05 3.83172e-05 
94.551 3.42838e-05 3.42838e-05 
95.5516 3.83172e-05 3.83172e-05 
96.5521 2.42003e-05 2.42003e-05 
97.5527 5.64675e-05 5.64675e-05 
98.5532 2.42003e-05 2.42003e-05 
99.5537 2.21836e-05 2.21836e-05 
100.554 1.41169e-05 1.41169e-05 
101.555 3.22671e-05 3.22671e-05 
102.555 1.81503e-05 1.81503e-05 
103.556 2.82337e-05 2.82337e-05 
104.556 2.82337e-05 2.82337e-05 
105.557 3.22671e-05 3.22671e-05 
106.558 2.6217e-05 2.6217e-05 
107.558 2.0167e-05 2.0167e-05 
108.559 1.21002e-05 1.21002e-05 
109.559 1.41169e-05 1.41169e-05 
110.56 1.81503e-05 1.81503e-05 
111.56 1.00835e-05 1.00835e-05 
112.561 1.21002e-05 1.21002e-05 
113.561 8.06678e-06 8.06678e-06 
114.562 1.00835e-05 1.00835e-05 
115.562 1.00835e-05 1.00835e-05 
116.563 4.03339e-06 4.03339e-06 
117.563 1.21002e-05 1.21002e-05 
118.564 1.21002e-05 1.21002e-05 
119.565 1.00835e-05 1.00835e-05 
120.565 1.00835e-05 1.00835e-05 
121.566 1.21002e-05 1.21002e-05 
122.566 1.00835e-05 1.00835e-05 
123.567 0 0 
124.567 6.05009e-06 6.05009e-06 
125.568 1.00835e-05 1.00835e-05 
126.568 4.03339e-06 4.03339e-06 
127.569 4.03339e-06 4.03339e-06 


