berea_128_61-1-Z/processor0	effPorosity= 0.22323 		K_z= 3.38245e-13 m^2 		FF_z= 18.6709 		DarcyVelocity= 1.32982e-06 m/s 		DelP= 1.00647 Pa 		K: 3.38245e-13 m^2 			K=( 0  0  3.38245e-13 ) Pmax-Pmin: 1.01733 Umax= 0.000134656		 effPorosity= V_pore/(L_x*L_y*L_z)= 3.74518e-12/(0.000256*0.000256*0.000256)= 0.22323		 Re=rho*VDarcy*sqrt(K)/mu= 1000*1.32982e-06*sqrt(3.38245e-13 )/0.001)= 7.73408e-07


x=mag(U)/U_D 	 PDF 	 dV/Vdx 	 PDF(log10(x)) 	 dV/Vd(log10(x))
2.18184e-12 1.58668e+07 1.58668e+07 7.97126e-05 7.97126e-05 
2.79262e-12 1.23965e+07 1.23965e+07 7.97126e-05 7.97126e-05 
3.57438e-12 7.26394e+06 7.26394e+06 5.97845e-05 5.97845e-05 
4.57499e-12 3.78348e+06 3.78348e+06 3.98563e-05 3.98563e-05 
5.8557e-12 1.1824e+07 1.1824e+07 0.000159425 0.000159425 
7.49494e-12 1.15474e+07 1.15474e+07 0.000199282 0.000199282 
9.59306e-12 1.26306e+07 1.26306e+07 0.000278994 0.000278994 
1.22785e-11 1.0573e+07 1.0573e+07 0.000298922 0.000298922 
1.57158e-11 7.15912e+06 7.15912e+06 0.000259066 0.000259066 
2.01152e-11 6.02359e+06 6.02359e+06 0.000278994 0.000278994 
2.57462e-11 9.07615e+06 9.07615e+06 0.00053806 0.00053806 
3.29536e-11 8.66688e+06 8.66688e+06 0.000657629 0.000657629 
4.21785e-11 5.12979e+06 5.12979e+06 0.000498204 0.000498204 
5.39859e-11 6.25224e+06 6.25224e+06 0.000777198 0.000777198 
6.90987e-11 4.63429e+06 4.63429e+06 0.000737342 0.000737342 
8.84421e-11 3.71857e+06 3.71857e+06 0.00075727 0.00075727 
1.132e-10 3.97564e+06 3.97564e+06 0.00103626 0.00103626 
1.4489e-10 3.94238e+06 3.94238e+06 0.00131526 0.00131526 
1.8545e-10 3.17347e+06 3.17347e+06 0.00135511 0.00135511 
2.37364e-10 2.77108e+06 2.77108e+06 0.00151454 0.00151454 
3.03812e-10 3.04811e+06 3.04811e+06 0.00213231 0.00213231 
3.8886e-10 3.02689e+06 3.02689e+06 0.00271023 0.00271023 
4.97717e-10 2.57354e+06 2.57354e+06 0.00294937 0.00294937 
6.37047e-10 2.1737e+06 2.1737e+06 0.00318851 0.00318851 
8.15381e-10 2.20777e+06 2.20777e+06 0.00414506 0.00414506 
1.04364e-09 1.66685e+06 1.66685e+06 0.00400556 0.00400556 
1.33579e-09 965381 965381 0.0029693 0.0029693 
1.70973e-09 708682 708682 0.00278994 0.00278994 
2.18835e-09 490406 490406 0.00247109 0.00247109 
2.80096e-09 519104 519104 0.00334793 0.00334793 
3.58505e-09 398327 398327 0.00328815 0.00328815 
4.58864e-09 245194 245194 0.00259066 0.00259066 
5.87318e-09 119361 119361 0.00161418 0.00161418 
7.51731e-09 86347.6 86347.6 0.00149461 0.00149461 
9.6217e-09 44974.9 44974.9 0.000996408 0.000996408 
1.23152e-08 35138.3 35138.3 0.000996408 0.000996408 
1.57627e-08 18119.1 18119.1 0.000657629 0.000657629 
2.01753e-08 11153.4 11153.4 0.000518132 0.000518132 
2.58231e-08 9384.29 9384.29 0.000557988 0.000557988 
3.3052e-08 8117.38 8117.38 0.000617773 0.000617773 
4.23045e-08 7364.92 7364.92 0.000717414 0.000717414 
5.41471e-08 4475.42 4475.42 0.000557988 0.000557988 
6.9305e-08 4745.38 4745.38 0.00075727 0.00075727 
8.87061e-08 4097.77 4097.77 0.000836983 0.000836983 
1.13538e-07 3277.76 3277.76 0.000856911 0.000856911 
1.45322e-07 3037.32 3037.32 0.00101634 0.00101634 
1.86003e-07 2326.49 2326.49 0.000996408 0.000996408 
2.38073e-07 2108.48 2108.48 0.00115583 0.00115583 
3.04719e-07 1704.13 1704.13 0.00119569 0.00119569 
3.90021e-07 1442.37 1442.37 0.00129533 0.00129533 
4.99203e-07 1144.24 1144.24 0.00131526 0.00131526 
6.38949e-07 1056.53 1056.53 0.0015544 0.0015544 
8.17815e-07 761.954 761.954 0.00143483 0.00143483 
1.04675e-06 711.059 711.059 0.00171382 0.00171382 
1.33978e-06 542.622 542.622 0.00167397 0.00167397 
1.71484e-06 439.085 439.085 0.00173375 0.00173375 
2.19488e-06 445.572 445.572 0.00225188 0.00225188 
2.80932e-06 338.878 338.878 0.0021921 0.0021921 
3.59575e-06 288.83 288.83 0.00239138 0.00239138 
4.60234e-06 263.269 263.269 0.00278994 0.00278994 
5.89072e-06 233.604 233.604 0.00316858 0.00316858 
7.53975e-06 172.181 172.181 0.00298922 0.00298922 
9.65042e-06 149.769 149.769 0.003328 0.003328 
1.23519e-05 145.74 145.74 0.00414506 0.00414506 
1.58097e-05 112.223 112.223 0.00408527 0.00408527 
2.02355e-05 92.3829 92.3829 0.00430448 0.00430448 
2.59002e-05 76.8558 76.8558 0.00458348 0.00458348 
3.31506e-05 59.2633 59.2633 0.00452369 0.00452369 
4.24308e-05 45.8937 45.8937 0.00448384 0.00448384 
5.43088e-05 42.2306 42.2306 0.00528096 0.00528096 
6.95119e-05 32.7452 32.7452 0.00524111 0.00524111 
8.89709e-05 31.3227 31.3227 0.00641687 0.00641687 
0.000113877 22.192 22.192 0.00581902 0.00581902 
0.000145756 19.5353 19.5353 0.00655636 0.00655636 
0.000186559 17.5359 17.5359 0.00753284 0.00753284 
0.000238784 13.4106 13.4106 0.00737342 0.00737342 
0.000305628 11.5819 11.5819 0.00815062 0.00815062 
0.000391185 9.27007 9.27007 0.0083499 0.0083499 
0.000500693 7.96857 7.96857 0.00918688 0.00918688 
0.000640857 6.94151 6.94151 0.0102431 0.0102431 
0.000820257 5.09623 5.09623 0.0096253 0.0096253 
0.00104988 4.61637 4.61637 0.0111598 0.0111598 
0.00134378 3.6518 3.6518 0.0112993 0.0112993 
0.00171996 3.15502 3.15502 0.012495 0.012495 
0.00220144 2.75197 2.75197 0.0139497 0.0139497 
0.0028177 2.22994 2.22994 0.0144678 0.0144678 
0.00360649 2.01579 2.01579 0.0167397 0.0167397 
0.00461608 1.7774 1.7774 0.0188919 0.0188919 
0.0059083 1.51757 1.51757 0.0206456 0.0206456 
0.00756226 1.33215 1.33215 0.0231964 0.0231964 
0.00967923 1.22856 1.22856 0.0273813 0.0273813 
0.0123888 0.945889 0.945889 0.0269827 0.0269827 
0.0158569 0.89511 0.89511 0.0326822 0.0326822 
0.0202959 0.784197 0.784197 0.0366479 0.0366479 
0.0259775 0.681648 0.681648 0.040773 0.040773 
0.0332496 0.596075 0.596075 0.0456355 0.0456355 
0.0425574 0.534646 0.534646 0.0523911 0.0523911 
0.0544709 0.486352 0.486352 0.0610001 0.0610001 
0.0697194 0.444159 0.444159 0.0713029 0.0713029 
0.0892365 0.397254 0.397254 0.0816257 0.0816257 
0.114217 0.360002 0.360002 0.0946787 0.0946787 
0.146191 0.325192 0.325192 0.109465 0.109465 
0.187116 0.287417 0.287417 0.123834 0.123834 
0.239496 0.253863 0.253863 0.139995 0.139995 
0.306541 0.230441 0.230441 0.162654 0.162654 
0.392353 0.205562 0.205562 0.185711 0.185711 
0.502188 0.18773 0.18773 0.217077 0.217077 
0.64277 0.168887 0.168887 0.249959 0.249959 
0.822706 0.147477 0.147477 0.279373 0.279373 
1.05301 0.13055 0.13055 0.316539 0.316539 
1.34779 0.114339 0.114339 0.354841 0.354841 
1.72509 0.0976599 0.0976599 0.387922 0.387922 
2.20801 0.0851354 0.0851354 0.43284 0.43284 
2.82612 0.0702636 0.0702636 0.457232 0.457232 
3.61725 0.0591837 0.0591837 0.492943 0.492943 
4.62986 0.0501033 0.0501033 0.534134 0.534134 
5.92594 0.0406684 0.0406684 0.554919 0.554919 
7.58484 0.0319346 0.0319346 0.557729 0.557729 
9.70813 0.0245044 0.0245044 0.547765 0.547765 
12.4258 0.018454 0.018454 0.527997 0.527997 
15.9043 0.013114 0.013114 0.480249 0.480249 
20.3565 0.00875482 0.00875482 0.410361 0.410361 
26.055 0.00557845 0.00557845 0.334673 0.334673 
33.3489 0.00328734 0.00328734 0.25243 0.25243 
42.6845 0.00170947 0.00170947 0.168014 0.168014 
54.6335 0.000692109 0.000692109 0.0870661 0.0870661 
69.9275 0.000200626 0.000200626 0.0323035 0.0323035 
89.5029 4.14831e-05 4.14831e-05 0.00854918 0.00854918 




x=U_x/U_D 	 PDF 	 dV/Vdx
-51.7866 2.73447e-06 2.73447e-06 
-51.0054 8.2034e-06 8.2034e-06 
-50.2242 1.36723e-05 1.36723e-05 
-49.4431 5.46893e-06 5.46893e-06 
-48.6619 1.36723e-05 1.36723e-05 
-47.8807 1.36723e-05 1.36723e-05 
-47.0996 1.91413e-05 1.91413e-05 
-46.3184 1.64068e-05 1.64068e-05 
-45.5372 2.18757e-05 2.18757e-05 
-44.756 1.91413e-05 1.91413e-05 
-43.9749 2.73447e-05 2.73447e-05 
-43.1937 1.64068e-05 1.64068e-05 
-42.4125 2.73447e-05 2.73447e-05 
-41.6314 2.18757e-05 2.18757e-05 
-40.8502 3.55481e-05 3.55481e-05 
-40.069 3.00791e-05 3.00791e-05 
-39.2879 2.46102e-05 2.46102e-05 
-38.5067 4.92204e-05 4.92204e-05 
-37.7255 3.55481e-05 3.55481e-05 
-36.9444 3.00791e-05 3.00791e-05 
-36.1632 4.64859e-05 4.64859e-05 
-35.382 6.01583e-05 6.01583e-05 
-34.6008 5.46893e-05 5.46893e-05 
-33.8197 6.28927e-05 6.28927e-05 
-33.0385 7.38306e-05 7.38306e-05 
-32.2573 8.2034e-05 8.2034e-05 
-31.4762 7.10961e-05 7.10961e-05 
-30.695 0.00012852 0.00012852 
-29.9138 9.84408e-05 9.84408e-05 
-29.1327 0.00015313 0.00015313 
-28.3515 0.000180475 0.000180475 
-27.5703 0.000147661 0.000147661 
-26.7892 0.00017774 0.00017774 
-26.008 0.00023243 0.00023243 
-25.2268 0.000292588 0.000292588 
-24.4456 0.000336339 0.000336339 
-23.6645 0.000393763 0.000393763 
-22.8833 0.000522283 0.000522283 
-22.1021 0.000500407 0.000500407 
-21.321 0.000628927 0.000628927 
-20.5398 0.000730103 0.000730103 
-19.7586 0.000823075 0.000823075 
-18.9775 0.000861357 0.000861357 
-18.1963 0.00103089 0.00103089 
-17.4151 0.00111019 0.00111019 
-16.634 0.00124965 0.00124965 
-15.8528 0.00135083 0.00135083 
-15.0716 0.00158599 0.00158599 
-14.2904 0.00183209 0.00183209 
-13.5093 0.00200163 0.00200163 
-12.7281 0.00242 0.00242 
-11.9469 0.0028876 0.0028876 
-11.1658 0.00313917 0.00313917 
-10.3846 0.00397318 0.00397318 
-9.60343 0.00484548 0.00484548 
-8.82226 0.00594747 0.00594747 
-8.04109 0.00720259 0.00720259 
-7.25992 0.00889522 0.00889522 
-6.47876 0.010823 0.010823 
-5.69759 0.0132622 0.0132622 
-4.91642 0.0158216 0.0158216 
-4.13525 0.0193299 0.0193299 
-3.35408 0.024375 0.024375 
-2.57291 0.0328902 0.0328902 
-1.79174 0.0463437 0.0463437 
-1.01057 0.0709321 0.0709321 
-0.229402 0.145351 0.145351 
0.551767 0.420695 0.420695 
1.33294 0.110959 0.110959 
2.11411 0.0652827 0.0652827 
2.89527 0.0464121 0.0464121 
3.67644 0.0348973 0.0348973 
4.45761 0.0272654 0.0272654 
5.23878 0.0219878 0.0219878 
6.01995 0.0176811 0.0176811 
6.80112 0.0146294 0.0146294 
7.58229 0.0116379 0.0116379 
8.36346 0.00960892 0.00960892 
9.14463 0.00774674 0.00774674 
9.9258 0.00667757 0.00667757 
10.707 0.00562206 0.00562206 
11.4881 0.00480719 0.00480719 
12.2693 0.00423842 0.00423842 
13.0505 0.00361223 0.00361223 
13.8316 0.00310635 0.00310635 
14.6128 0.00298057 0.00298057 
15.394 0.00259774 0.00259774 
16.1752 0.00233523 0.00233523 
16.9563 0.00202897 0.00202897 
17.7375 0.00184577 0.00184577 
18.5187 0.00170084 0.00170084 
19.2998 0.0015395 0.0015395 
20.081 0.00155044 0.00155044 
20.8622 0.00122778 0.00122778 
21.6433 0.00119223 0.00119223 
22.4245 0.00110472 0.00110472 
23.2057 0.000954329 0.000954329 
23.9868 0.000883233 0.000883233 
24.768 0.000705492 0.000705492 
25.5492 0.000557831 0.000557831 
26.3303 0.000535956 0.000535956 
27.1115 0.000535956 0.000535956 
27.8927 0.000475797 0.000475797 
28.6739 0.000437515 0.000437515 
29.455 0.000388294 0.000388294 
30.2362 0.000319933 0.000319933 
31.0174 0.000287119 0.000287119 
31.7985 0.000248836 0.000248836 
32.5797 0.000254305 0.000254305 
33.3609 0.000188678 0.000188678 
34.142 0.000175006 0.000175006 
34.9232 0.000136723 0.000136723 
35.7044 7.38306e-05 7.38306e-05 
36.4855 4.64859e-05 4.64859e-05 
37.2667 4.64859e-05 4.64859e-05 
38.0479 5.46893e-05 5.46893e-05 
38.8291 1.91413e-05 1.91413e-05 
39.6102 2.18757e-05 2.18757e-05 
40.3914 2.18757e-05 2.18757e-05 
41.1726 1.91413e-05 1.91413e-05 
41.9537 2.73447e-05 2.73447e-05 
42.7349 1.09379e-05 1.09379e-05 
43.5161 8.2034e-06 8.2034e-06 
44.2972 8.2034e-06 8.2034e-06 
45.0784 5.46893e-06 5.46893e-06 
45.8596 5.46893e-06 5.46893e-06 
46.6407 1.36723e-05 1.36723e-05 
47.4219 2.73447e-06 2.73447e-06 




x=U_y/U_D 	 PDF 	 dV/Vdx
-60.4901 1.88456e-06 1.88456e-06 
-59.3566 0 0 
-58.2231 0 0 
-57.0897 0 0 
-55.9562 3.76913e-06 3.76913e-06 
-54.8227 1.88456e-06 1.88456e-06 
-53.6893 3.76913e-06 3.76913e-06 
-52.5558 0 0 
-51.4224 1.88456e-06 1.88456e-06 
-50.2889 3.76913e-06 3.76913e-06 
-49.1554 1.88456e-06 1.88456e-06 
-48.022 7.53826e-06 7.53826e-06 
-46.8885 1.88456e-06 1.88456e-06 
-45.7551 5.65369e-06 5.65369e-06 
-44.6216 1.50765e-05 1.50765e-05 
-43.4881 9.42282e-06 9.42282e-06 
-42.3547 1.50765e-05 1.50765e-05 
-41.2212 2.07302e-05 2.07302e-05 
-40.0878 2.07302e-05 2.07302e-05 
-38.9543 2.26148e-05 2.26148e-05 
-37.8208 2.26148e-05 2.26148e-05 
-36.6874 3.58067e-05 3.58067e-05 
-35.5539 3.39222e-05 3.39222e-05 
-34.4204 8.85745e-05 8.85745e-05 
-33.287 9.42282e-05 9.42282e-05 
-32.1535 0.000154534 0.000154534 
-31.0201 0.000175265 0.000175265 
-29.8866 0.000190341 0.000190341 
-28.7531 0.000243109 0.000243109 
-27.6197 0.000263839 0.000263839 
-26.4862 0.000339222 0.000339222 
-25.3528 0.000450411 0.000450411 
-24.2193 0.000478679 0.000478679 
-23.0858 0.000565369 0.000565369 
-21.9524 0.000701058 0.000701058 
-20.8189 0.000857477 0.000857477 
-19.6855 0.00110247 0.00110247 
-18.552 0.00126831 0.00126831 
-17.4185 0.00164523 0.00164523 
-16.2851 0.00218233 0.00218233 
-15.1516 0.00262331 0.00262331 
-14.0181 0.00298515 0.00298515 
-12.8847 0.00380305 0.00380305 
-11.7512 0.00481129 0.00481129 
-10.6178 0.00585534 0.00585534 
-9.4843 0.00745534 0.00745534 
-8.35084 0.00965839 0.00965839 
-7.21738 0.0124871 0.0124871 
-6.08392 0.0150841 0.0150841 
-4.95045 0.0191038 0.0191038 
-3.81699 0.0254379 0.0254379 
-2.68353 0.0357596 0.0357596 
-1.55007 0.0575131 0.0575131 
-0.416609 0.120891 0.120891 
0.716852 0.33899 0.33899 
1.85031 0.0676502 0.0676502 
2.98377 0.0360762 0.0360762 
4.11724 0.0230482 0.0230482 
5.2507 0.0163147 0.0163147 
6.38416 0.0121498 0.0121498 
7.51762 0.00948878 0.00948878 
8.65108 0.00708596 0.00708596 
9.78454 0.0053597 0.0053597 
10.918 0.00446265 0.00446265 
12.0515 0.00368056 0.00368056 
13.1849 0.00310576 0.00310576 
14.3184 0.00266101 0.00266101 
15.4518 0.00223698 0.00223698 
16.5853 0.00186007 0.00186007 
17.7188 0.0015378 0.0015378 
18.8522 0.00143981 0.00143981 
19.9857 0.0013192 0.0013192 
21.1192 0.00107609 0.00107609 
22.2526 0.000940398 0.000940398 
23.3861 0.000895168 0.000895168 
24.5195 0.000719904 0.000719904 
25.653 0.000567254 0.000567254 
26.7865 0.000533332 0.000533332 
27.9199 0.000399528 0.000399528 
29.0534 0.000410835 0.000410835 
30.1868 0.000320376 0.000320376 
31.3203 0.000309069 0.000309069 
32.4538 0.000290223 0.000290223 
33.5872 0.000269493 0.000269493 
34.7207 0.000226148 0.000226148 
35.8542 0.000243109 0.000243109 
36.9876 0.000197879 0.000197879 
38.1211 0.000162073 0.000162073 
39.2545 0.000154534 0.000154534 
40.388 0.000146996 0.000146996 
41.5215 0.000135689 0.000135689 
42.6549 0.000120612 0.000120612 
43.7884 0.000101766 0.000101766 
44.9218 9.42282e-05 9.42282e-05 
46.0553 9.61128e-05 9.61128e-05 
47.1888 7.91517e-05 7.91517e-05 
48.3222 6.21906e-05 6.21906e-05 
49.4557 7.53826e-05 7.53826e-05 
50.5891 6.40752e-05 6.40752e-05 
51.7226 8.669e-05 8.669e-05 
52.8561 5.08832e-05 5.08832e-05 
53.9895 4.3345e-05 4.3345e-05 
55.123 4.52296e-05 4.52296e-05 
56.2565 5.65369e-05 5.65369e-05 
57.3899 4.3345e-05 4.3345e-05 
58.5234 5.08832e-05 5.08832e-05 
59.6568 3.39222e-05 3.39222e-05 
60.7903 3.20376e-05 3.20376e-05 
61.9238 2.44993e-05 2.44993e-05 
63.0572 2.44993e-05 2.44993e-05 
64.1907 1.13074e-05 1.13074e-05 
65.3241 2.82685e-05 2.82685e-05 
66.4576 1.13074e-05 1.13074e-05 
67.5911 1.50765e-05 1.50765e-05 
68.7245 7.53826e-06 7.53826e-06 
69.858 3.76913e-06 3.76913e-06 
70.9914 3.76913e-06 3.76913e-06 
72.1249 1.88456e-06 1.88456e-06 
73.2584 3.76913e-06 3.76913e-06 
74.3918 1.88456e-06 1.88456e-06 
75.5253 3.76913e-06 3.76913e-06 
76.6588 1.88456e-06 1.88456e-06 
77.7922 3.76913e-06 3.76913e-06 
78.9257 1.88456e-06 1.88456e-06 
80.0591 1.88456e-06 1.88456e-06 
81.1926 0 0 
82.3261 0 0 
83.4595 1.88456e-06 1.88456e-06 




x=U_z/U_D 	 PDF 	 dV/Vdx
-13.4056 2.42165e-06 2.42165e-06 
-12.5235 4.8433e-06 4.8433e-06 
-11.6415 1.93732e-05 1.93732e-05 
-10.7594 1.93732e-05 1.93732e-05 
-9.87731 2.90598e-05 2.90598e-05 
-8.99523 6.29629e-05 6.29629e-05 
-8.11315 0.000128347 0.000128347 
-7.23107 0.000217948 0.000217948 
-6.349 0.000329344 0.000329344 
-5.46692 0.000438318 0.000438318 
-4.58484 0.000724073 0.000724073 
-3.70276 0.00109943 0.00109943 
-2.82069 0.00196638 0.00196638 
-1.93861 0.00385526 0.00385526 
-1.05653 0.00881722 0.00881722 
-0.174456 0.0401267 0.0401267 
0.707621 0.37738 0.37738 
1.5897 0.135881 0.135881 
2.47178 0.0900345 0.0900345 
3.35385 0.0659899 0.0659899 
4.23593 0.0520025 0.0520025 
5.11801 0.0412213 0.0412213 
6.00008 0.0347313 0.0347313 
6.88216 0.0284762 0.0284762 
7.76424 0.0240833 0.0240833 
8.64632 0.0211918 0.0211918 
9.52839 0.018373 0.018373 
10.4105 0.0165011 0.0165011 
11.2925 0.0147478 0.0147478 
12.1746 0.0135394 0.0135394 
13.0567 0.0124981 0.0124981 
13.9388 0.011406 0.011406 
14.8209 0.00959942 0.00959942 
15.7029 0.00910298 0.00910298 
16.585 0.00829173 0.00829173 
17.4671 0.00720198 0.00720198 
18.3492 0.00650697 0.00650697 
19.2312 0.00610498 0.00610498 
20.1133 0.00563275 0.00563275 
20.9954 0.00506367 0.00506367 
21.8775 0.00461566 0.00461566 
22.7596 0.0040829 0.0040829 
23.6416 0.00399088 0.00399088 
24.5237 0.00381894 0.00381894 
25.4058 0.00335398 0.00335398 
26.2879 0.00322079 0.00322079 
27.1699 0.00283333 0.00283333 
28.052 0.0026735 0.0026735 
28.9341 0.00259843 0.00259843 
29.8162 0.00241438 0.00241438 
30.6982 0.0023829 0.0023829 
31.5803 0.00209715 0.00209715 
32.4624 0.00183561 0.00183561 
33.3445 0.00165156 0.00165156 
34.2266 0.00144572 0.00144572 
35.1086 0.00135128 0.00135128 
35.9907 0.00132222 0.00132222 
36.8728 0.0012641 0.0012641 
37.7549 0.00119145 0.00119145 
38.6369 0.00100498 0.00100498 
39.519 0.000985611 0.000985611 
40.4011 0.00101467 0.00101467 
41.2832 0.000820939 0.000820939 
42.1653 0.000714386 0.000714386 
43.0473 0.000670797 0.000670797 
43.9294 0.000673218 0.000673218 
44.8115 0.000561823 0.000561823 
45.6936 0.000530341 0.000530341 
46.5756 0.000404415 0.000404415 
47.4577 0.000435897 0.000435897 
48.3398 0.000489173 0.000489173 
49.2219 0.000363247 0.000363247 
50.1039 0.000319658 0.000319658 
50.986 0.000314814 0.000314814 
51.8681 0.000312393 0.000312393 
52.7502 0.000259116 0.000259116 
53.6323 0.000237322 0.000237322 
54.5143 0.000123504 0.000123504 
55.3964 0.00020584 0.00020584 
56.2785 0.000169515 0.000169515 
57.1606 0.000135612 0.000135612 
58.0426 0.000133191 0.000133191 
58.9247 0.000106553 0.000106553 
59.8068 8.47577e-05 8.47577e-05 
60.6889 8.9601e-05 8.9601e-05 
61.5709 7.26495e-05 7.26495e-05 
62.453 9.20227e-05 9.20227e-05 
63.3351 7.74928e-05 7.74928e-05 
64.2172 5.08546e-05 5.08546e-05 
65.0993 5.81196e-05 5.81196e-05 
65.9813 2.90598e-05 2.90598e-05 
66.8634 4.1168e-05 4.1168e-05 
67.7455 4.60113e-05 4.60113e-05 
68.6276 4.8433e-05 4.8433e-05 
69.5096 4.60113e-05 4.60113e-05 
70.3917 3.63247e-05 3.63247e-05 
71.2738 2.66381e-05 2.66381e-05 
72.1559 3.39031e-05 3.39031e-05 
73.038 2.66381e-05 2.66381e-05 
73.92 3.14814e-05 3.14814e-05 
74.8021 2.66381e-05 2.66381e-05 
75.6842 2.66381e-05 2.66381e-05 
76.5663 1.93732e-05 1.93732e-05 
77.4483 1.21082e-05 1.21082e-05 
78.3304 1.69515e-05 1.69515e-05 
79.2125 2.90598e-05 2.90598e-05 
80.0946 9.68659e-06 9.68659e-06 
80.9766 1.21082e-05 1.21082e-05 
81.8587 4.8433e-06 4.8433e-06 
82.7408 9.68659e-06 9.68659e-06 
83.6229 1.21082e-05 1.21082e-05 
84.505 1.21082e-05 1.21082e-05 
85.387 9.68659e-06 9.68659e-06 
86.2691 2.42165e-06 2.42165e-06 
87.1512 4.8433e-06 4.8433e-06 
88.0333 9.68659e-06 9.68659e-06 
88.9153 7.26495e-06 7.26495e-06 
89.7974 7.26495e-06 7.26495e-06 
90.6795 0 0 
91.5616 4.8433e-06 4.8433e-06 
92.4437 4.8433e-06 4.8433e-06 
93.3257 2.42165e-06 2.42165e-06 
94.2078 2.42165e-06 2.42165e-06 
95.0899 4.8433e-06 4.8433e-06 
95.972 2.42165e-06 2.42165e-06 
96.854 0 0 
97.7361 2.42165e-06 2.42165e-06 
98.6182 4.8433e-06 4.8433e-06 




x=mag(U)/U_D 	 PDF 	 dV/Vdx
0.395541 0.223739 0.223739 
1.18662 0.165833 0.165833 
1.97771 0.109841 0.109841 
2.76879 0.0833093 0.0833093 
3.55987 0.0676535 0.0676535 
4.35095 0.0582514 0.0582514 
5.14204 0.0501211 0.0501211 
5.93312 0.0440214 0.0440214 
6.7242 0.0384508 0.0384508 
7.51529 0.0340495 0.0340495 
8.30637 0.0302233 0.0302233 
9.09745 0.0274961 0.0274961 
9.88853 0.0246798 0.0246798 
10.6796 0.0225467 0.0225467 
11.4707 0.0207132 0.0207132 
12.2618 0.0192686 0.0192686 
13.0529 0.0176674 0.0176674 
13.8439 0.0161418 0.0161418 
14.635 0.0143732 0.0143732 
15.4261 0.0131527 0.0131527 
16.2172 0.0119808 0.0119808 
17.0083 0.011249 0.011249 
17.7994 0.0105767 0.0105767 
18.5904 0.00975852 0.00975852 
19.3815 0.00911047 0.00911047 
20.1726 0.00840842 0.00840842 
20.9637 0.00795479 0.00795479 
21.7548 0.00759296 0.00759296 
22.5459 0.00656689 0.00656689 
23.3369 0.00628336 0.00628336 
24.128 0.00620236 0.00620236 
24.9191 0.00529779 0.00529779 
25.7102 0.00511148 0.00511148 
26.5013 0.00488196 0.00488196 
27.2924 0.00452013 0.00452013 
28.0834 0.00418261 0.00418261 
28.8745 0.00394769 0.00394769 
29.6656 0.00354536 0.00354536 
30.4567 0.00365607 0.00365607 
31.2478 0.00345896 0.00345896 
32.0389 0.00320784 0.00320784 
32.8299 0.00314843 0.00314843 
33.621 0.00278661 0.00278661 
34.4121 0.00248148 0.00248148 
35.2032 0.00239778 0.00239778 
35.9943 0.00228707 0.00228707 
36.7853 0.00202785 0.00202785 
37.5764 0.00203865 0.00203865 
38.3675 0.00195494 0.00195494 
39.1586 0.00177403 0.00177403 
39.9497 0.00161202 0.00161202 
40.7408 0.00167682 0.00167682 
41.5318 0.00154181 0.00154181 
42.3229 0.00142841 0.00142841 
43.114 0.00124209 0.00124209 
43.9051 0.00117189 0.00117189 
44.6962 0.00108548 0.00108548 
45.4873 0.00100177 0.00100177 
46.2783 0.000923468 0.000923468 
47.0694 0.000845162 0.000845162 
47.8605 0.00081546 0.00081546 
48.6516 0.00080736 0.00080736 
49.4427 0.000702052 0.000702052 
50.2338 0.000596744 0.000596744 
51.0248 0.000669649 0.000669649 
51.8159 0.000629146 0.000629146 
52.607 0.000580543 0.000580543 
53.3981 0.000510338 0.000510338 
54.1892 0.00053734 0.00053734 
54.9802 0.000483336 0.000483336 
55.7713 0.000488736 0.000488736 
56.5624 0.000423931 0.000423931 
57.3535 0.000332125 0.000332125 
58.1446 0.000337525 0.000337525 
58.9357 0.000278121 0.000278121 
59.7267 0.00027002 0.00027002 
60.5178 0.000261919 0.000261919 
61.3089 0.000229517 0.000229517 
62.1 0.000170113 0.000170113 
62.8911 0.000186314 0.000186314 
63.6822 0.000237618 0.000237618 
64.4732 0.000153911 0.000153911 
65.2643 0.000105308 0.000105308 
66.0554 0.000124209 0.000124209 
66.8465 0.000124209 0.000124209 
67.6376 9.4507e-05 9.4507e-05 
68.4287 0.000118809 0.000118809 
69.2197 0.000124209 0.000124209 
70.0108 8.91066e-05 8.91066e-05 
70.8019 0.000105308 0.000105308 
71.593 6.7505e-05 6.7505e-05 
72.3841 7.56056e-05 7.56056e-05 
73.1752 8.1006e-05 8.1006e-05 
73.9662 5.94044e-05 5.94044e-05 
74.7573 7.56056e-05 7.56056e-05 
75.5484 6.7505e-05 6.7505e-05 
76.3395 5.13038e-05 5.13038e-05 
77.1306 5.13038e-05 5.13038e-05 
77.9216 2.7002e-05 2.7002e-05 
78.7127 3.78028e-05 3.78028e-05 
79.5038 7.56056e-05 7.56056e-05 
80.2949 2.43018e-05 2.43018e-05 
81.086 3.24024e-05 3.24024e-05 
81.8771 3.24024e-05 3.24024e-05 
82.6681 4.32032e-05 4.32032e-05 
83.4592 2.7002e-05 2.7002e-05 
84.2503 3.24024e-05 3.24024e-05 
85.0414 1.62012e-05 1.62012e-05 
85.8325 3.24024e-05 3.24024e-05 
86.6236 8.1006e-06 8.1006e-06 
87.4146 2.16016e-05 2.16016e-05 
88.2057 5.4004e-06 5.4004e-06 
88.9968 1.08008e-05 1.08008e-05 
89.7879 1.62012e-05 1.62012e-05 
90.579 5.4004e-06 5.4004e-06 
91.3701 1.62012e-05 1.62012e-05 
92.1611 1.3501e-05 1.3501e-05 
92.9522 8.1006e-06 8.1006e-06 
93.7433 2.7002e-06 2.7002e-06 
94.5344 2.7002e-06 2.7002e-06 
95.3255 5.4004e-06 5.4004e-06 
96.1166 5.4004e-06 5.4004e-06 
96.9076 2.7002e-06 2.7002e-06 
97.6987 2.7002e-06 2.7002e-06 
98.4898 5.4004e-06 5.4004e-06 
99.2809 2.7002e-06 2.7002e-06 
100.072 0 0 
100.863 5.4004e-06 5.4004e-06 


