berea_128_56-1-X/processor0	effPorosity= 0.251219 		K_x= 5.20299e-13 m^2 		FF_x= 13.5928 		DarcyVelocity= 2.03242e-06 m/s 		DelP= 1 Pa 		K: 5.20299e-13 m^2 			K=( 5.20299e-13  0  0 ) Pmax-Pmin: 1.01546 Umax= 0.000170235		 effPorosity= V_pore/(L_x*L_y*L_z)= 4.21475e-12/(0.000256*0.000256*0.000256)= 0.251219		 Re=rho*VDarcy*sqrt(K)/mu= 1000*2.03242e-06*sqrt(5.20299e-13 )/0.001)= 1.46602e-06


x=mag(U)/U_D 	 PDF 	 dV/Vdx 	 PDF(log10(x)) 	 dV/Vd(log10(x))
3.89012e-12 6.07912e+06 6.07912e+06 5.44527e-05 5.44527e-05 
4.94921e-12 3.18549e+06 3.18549e+06 3.63018e-05 3.63018e-05 
6.29664e-12 2.50382e+06 2.50382e+06 3.63018e-05 3.63018e-05 
8.01092e-12 984011 984011 1.81509e-05 1.81509e-05 
1.01919e-11 773441 773441 1.81509e-05 1.81509e-05 
1.29667e-11 6.0793e+06 6.0793e+06 0.000181509 0.000181509 
1.64969e-11 3.34487e+06 3.34487e+06 0.000127056 0.000127056 
2.09882e-11 4.8826e+06 4.8826e+06 0.000235962 0.000235962 
2.67022e-11 6.19946e+06 6.19946e+06 0.000381169 0.000381169 
3.3972e-11 6.72914e+06 6.72914e+06 0.000526376 0.000526376 
4.32209e-11 5.65392e+06 5.65392e+06 0.000562678 0.000562678 
5.49879e-11 3.01047e+06 3.01047e+06 0.000381169 0.000381169 
6.99585e-11 4.05643e+06 4.05643e+06 0.000653432 0.000653432 
8.90048e-11 4.87115e+06 4.87115e+06 0.000998299 0.000998299 
1.13237e-10 3.55031e+06 3.55031e+06 0.000925695 0.000925695 
1.44065e-10 3.44717e+06 3.44717e+06 0.00114351 0.00114351 
1.83287e-10 3.35463e+06 3.35463e+06 0.00141577 0.00141577 
2.33188e-10 2.70437e+06 2.70437e+06 0.00145207 0.00145207 
2.96674e-10 2.36479e+06 2.36479e+06 0.00161543 0.00161543 
3.77444e-10 1.85875e+06 1.85875e+06 0.00161543 0.00161543 
4.80203e-10 1.3625e+06 1.3625e+06 0.00150652 0.00150652 
6.1094e-10 1.26447e+06 1.26447e+06 0.00177879 0.00177879 
7.77269e-10 1.24743e+06 1.24743e+06 0.00223256 0.00223256 
9.88882e-10 876860 876860 0.0019966 0.0019966 
1.25811e-09 532578 532578 0.00154283 0.00154283 
1.60063e-09 285640 285640 0.00105275 0.00105275 
2.0364e-09 236128 236128 0.0011072 0.0011072 
2.59082e-09 146045 146045 0.000871243 0.000871243 
3.29617e-09 153057 153057 0.00116166 0.00116166 
4.19356e-09 88348 88348 0.000853092 0.000853092 
5.33527e-09 87172.2 87172.2 0.0010709 0.0010709 
6.78781e-09 48775.5 48775.5 0.000762337 0.000762337 
8.6358e-09 57506.9 57506.9 0.00114351 0.00114351 
1.09869e-08 27264 27264 0.000689734 0.000689734 
1.39781e-08 34400.4 34400.4 0.0011072 0.0011072 
1.77837e-08 23492.9 23492.9 0.000961997 0.000961997 
2.26253e-08 22298.1 22298.1 0.00116166 0.00116166 
2.87851e-08 17252.6 17252.6 0.00114351 0.00114351 
3.66219e-08 13991.2 13991.2 0.00117981 0.00117981 
4.65923e-08 10997.2 10997.2 0.00117981 0.00117981 
5.92772e-08 7181.06 7181.06 0.000980148 0.000980148 
7.54155e-08 5017.22 5017.22 0.000871243 0.000871243 
9.59475e-08 5504.57 5504.57 0.00121611 0.00121611 
1.22069e-07 2647.64 2647.64 0.000744186 0.000744186 
1.55303e-07 3096.22 3096.22 0.0011072 0.0011072 
1.97585e-07 2792.72 2792.72 0.00127056 0.00127056 
2.51377e-07 2006.95 2006.95 0.00116166 0.00116166 
3.19815e-07 1700.72 1700.72 0.00125241 0.00125241 
4.06886e-07 1317.4 1317.4 0.00123426 0.00123426 
5.17661e-07 1142.08 1142.08 0.00136132 0.00136132 
6.58595e-07 849.81 849.81 0.00128871 0.00128871 
8.37899e-07 705.589 705.589 0.00136132 0.00136132 
1.06602e-06 554.598 554.598 0.00136132 0.00136132 
1.35624e-06 418.482 418.482 0.00130686 0.00130686 
1.72548e-06 392.889 392.889 0.00156098 0.00156098 
2.19525e-06 348.313 348.313 0.00176064 0.00176064 
2.79291e-06 231.44 231.44 0.00148837 0.00148837 
3.55329e-06 201.88 201.88 0.00165173 0.00165173 
4.52068e-06 193.554 193.554 0.00201475 0.00201475 
5.75144e-06 164.47 164.47 0.00217811 0.00217811 
7.31728e-06 114.193 114.193 0.00192399 0.00192399 
9.30942e-06 108.385 108.385 0.00232331 0.00232331 
1.18439e-05 72.5459 72.5459 0.00197845 0.00197845 
1.50685e-05 72.7157 72.7157 0.00252297 0.00252297 
1.91709e-05 52.2208 52.2208 0.00230516 0.00230516 
2.43902e-05 46.5403 46.5403 0.00261373 0.00261373 
3.10305e-05 38.3593 38.3593 0.00274078 0.00274078 
3.94786e-05 31.5484 31.5484 0.00286784 0.00286784 
5.02267e-05 28.0932 28.0932 0.00324901 0.00324901 
6.3901e-05 24.1786 24.1786 0.00355757 0.00355757 
8.12982e-05 19.0045 19.0045 0.00355757 0.00355757 
0.000103432 16.6144 16.6144 0.00395689 0.00395689 
0.000131591 13.2388 13.2388 0.00401135 0.00401135 
0.000167417 12.195 12.195 0.00470108 0.00470108 
0.000212997 10.4736 10.4736 0.0051367 0.0051367 
0.000270986 9.25045 9.25045 0.00577198 0.00577198 
0.000344762 8.43702 8.43702 0.00669768 0.00669768 
0.000438624 6.97303 6.97303 0.00704255 0.00704255 
0.000558041 5.96113 5.96113 0.00765968 0.00765968 
0.000709968 5.14072 5.14072 0.00840386 0.00840386 
0.000903258 4.48573 4.48573 0.00932956 0.00932956 
0.00114917 4.04029 4.04029 0.0106909 0.0106909 
0.00146204 3.3051 3.3051 0.0111265 0.0111265 
0.00186008 2.8733 2.8733 0.0123063 0.0123063 
0.00236649 2.45496 2.45496 0.0133772 0.0133772 
0.00301077 2.08671 2.08671 0.0144663 0.0144663 
0.00383046 1.89947 1.89947 0.0167533 0.0167533 
0.00487331 1.63373 1.63373 0.0183324 0.0183324 
0.00620008 1.38711 1.38711 0.0198026 0.0198026 
0.00788806 1.21819 1.21819 0.0221259 0.0221259 
0.0100356 1.0337 1.0337 0.0238866 0.0238866 
0.0127678 0.891524 0.891524 0.0262099 0.0262099 
0.0162439 0.776934 0.776934 0.0290596 0.0290596 
0.0206663 0.667129 0.667129 0.0317459 0.0317459 
0.0262927 0.559746 0.559746 0.0338877 0.0338877 
0.033451 0.505241 0.505241 0.0389155 0.0389155 
0.0425581 0.420276 0.420276 0.0411844 0.0411844 
0.0541446 0.391488 0.391488 0.0488077 0.0488077 
0.0688855 0.352914 0.352914 0.0559773 0.0559773 
0.0876398 0.323085 0.323085 0.065198 0.065198 
0.1115 0.283005 0.283005 0.072658 0.072658 
0.141856 0.262009 0.262009 0.0855814 0.0855814 
0.180476 0.241539 0.241539 0.100374 0.100374 
0.229612 0.220818 0.220818 0.116747 0.116747 
0.292124 0.201683 0.201683 0.13566 0.13566 
0.371655 0.185525 0.185525 0.158766 0.158766 
0.472839 0.177249 0.177249 0.19298 0.19298 
0.60157 0.160783 0.160783 0.222711 0.222711 
0.765349 0.147635 0.147635 0.260175 0.260175 
0.973716 0.139455 0.139455 0.312667 0.312667 
1.23881 0.127735 0.127735 0.364361 0.364361 
1.57608 0.110424 0.110424 0.400735 0.400735 
2.00517 0.0979982 0.0979982 0.452465 0.452465 
2.55108 0.0870049 0.0870049 0.511075 0.511075 
3.24562 0.076076 0.076076 0.56854 0.56854 
4.12925 0.0649717 0.0649717 0.617747 0.617747 
5.25344 0.053271 0.053271 0.644393 0.644393 
6.68371 0.0412558 0.0412558 0.634918 0.634918 
8.50336 0.031098 0.031098 0.60889 0.60889 
10.8184 0.022473 0.022473 0.55981 0.55981 
13.7637 0.015932 0.015932 0.504921 0.504921 
17.511 0.0111529 0.0111529 0.449688 0.449688 
22.2783 0.00684739 0.00684739 0.351256 0.351256 
28.3437 0.00383216 0.00383216 0.250101 0.250101 
36.0603 0.00198665 0.00198665 0.164955 0.164955 
45.8778 0.000813751 0.000813751 0.0859626 0.0859626 
58.3681 0.00024985 0.00024985 0.0335791 0.0335791 
74.2589 6.26305e-05 6.26305e-05 0.010709 0.010709 




x=U_x/U_D 	 PDF 	 dV/Vdx
-16.2269 7.28642e-06 7.28642e-06 
-15.4454 1.45728e-05 1.45728e-05 
-14.664 1.94304e-05 1.94304e-05 
-13.8825 2.91457e-05 2.91457e-05 
-13.101 4.85761e-06 4.85761e-06 
-12.3195 4.37185e-05 4.37185e-05 
-11.538 3.88609e-05 3.88609e-05 
-10.7565 5.34337e-05 5.34337e-05 
-9.97499 6.55778e-05 6.55778e-05 
-9.1935 9.47234e-05 9.47234e-05 
-8.41201 9.47234e-05 9.47234e-05 
-7.63051 0.000208877 0.000208877 
-6.84902 0.000383751 0.000383751 
-6.06753 0.000454187 0.000454187 
-5.28603 0.000760216 0.000760216 
-4.50454 0.00102981 0.00102981 
-3.72305 0.00162973 0.00162973 
-2.94156 0.00269355 0.00269355 
-2.16006 0.00477989 0.00477989 
-1.37857 0.00866598 0.00866598 
-0.597077 0.0217208 0.0217208 
0.184416 0.247068 0.247068 
0.965909 0.214182 0.214182 
1.7474 0.127534 0.127534 
2.5289 0.0944878 0.0944878 
3.31039 0.0753149 0.0753149 
4.09188 0.0616237 0.0616237 
4.87337 0.0506455 0.0506455 
5.65487 0.0426377 0.0426377 
6.43636 0.0359415 0.0359415 
7.21785 0.0309721 0.0309721 
7.99935 0.0259105 0.0259105 
8.78084 0.0218253 0.0218253 
9.56233 0.0192289 0.0192289 
10.3438 0.0175991 0.0175991 
11.1253 0.0156779 0.0156779 
11.9068 0.0143737 0.0143737 
12.6883 0.0128727 0.0128727 
13.4698 0.0119424 0.0119424 
14.2513 0.0107353 0.0107353 
15.0328 0.00996296 0.00996296 
15.8143 0.00885786 0.00885786 
16.5958 0.00826766 0.00826766 
17.3773 0.0074953 0.0074953 
18.1588 0.00688324 0.00688324 
18.9402 0.00626146 0.00626146 
19.7217 0.00557168 0.00557168 
20.5032 0.00499363 0.00499363 
21.2847 0.00460016 0.00460016 
22.0662 0.0040391 0.0040391 
22.8477 0.00345376 0.00345376 
23.6292 0.00310159 0.00310159 
24.4107 0.0028077 0.0028077 
25.1922 0.00248467 0.00248467 
25.9737 0.00230008 0.00230008 
26.7552 0.00203534 0.00203534 
27.5367 0.00205963 0.00205963 
28.3182 0.00184104 0.00184104 
29.0997 0.00174388 0.00174388 
29.8812 0.00170016 0.00170016 
30.6626 0.00160301 0.00160301 
31.4441 0.00153501 0.00153501 
32.2256 0.00142814 0.00142814 
33.0071 0.0013237 0.0013237 
33.7886 0.00122655 0.00122655 
34.5701 0.00105167 0.00105167 
35.3516 0.000862226 0.000862226 
36.1331 0.00085494 0.00085494 
36.9146 0.000643634 0.000643634 
37.6961 0.000638776 0.000638776 
38.4776 0.000490619 0.000490619 
39.2591 0.000480904 0.000480904 
40.0406 0.000410468 0.000410468 
40.8221 0.000354606 0.000354606 
41.6035 0.000323031 0.000323031 
42.385 0.000335175 0.000335175 
43.1665 0.000218593 0.000218593 
43.948 0.00026474 0.00026474 
44.7295 0.000233165 0.000233165 
45.511 0.000238023 0.000238023 
46.2925 0.000233165 0.000233165 
47.074 0.000133584 0.000133584 
47.8555 0.000123869 0.000123869 
48.637 0.000111725 0.000111725 
49.4185 8.01506e-05 8.01506e-05 
50.2 7.04354e-05 7.04354e-05 
50.9815 5.82913e-05 5.82913e-05 
51.763 5.58625e-05 5.58625e-05 
52.5444 5.82913e-05 5.82913e-05 
53.3259 3.15745e-05 3.15745e-05 
54.1074 3.15745e-05 3.15745e-05 
54.8889 2.67169e-05 2.67169e-05 
55.6704 2.18593e-05 2.18593e-05 
56.4519 2.67169e-05 2.67169e-05 
57.2334 1.70016e-05 1.70016e-05 
58.0149 9.71522e-06 9.71522e-06 
58.7964 1.2144e-05 1.2144e-05 
59.5779 9.71522e-06 9.71522e-06 
60.3594 9.71522e-06 9.71522e-06 
61.1409 2.42881e-06 2.42881e-06 
61.9224 9.71522e-06 9.71522e-06 
62.7039 9.71522e-06 9.71522e-06 
63.4854 2.67169e-05 2.67169e-05 
64.2668 4.85761e-06 4.85761e-06 
65.0483 2.42881e-06 2.42881e-06 
65.8298 4.85761e-06 4.85761e-06 
66.6113 4.85761e-06 4.85761e-06 
67.3928 2.42881e-06 2.42881e-06 
68.1743 9.71522e-06 9.71522e-06 
68.9558 4.85761e-06 4.85761e-06 
69.7373 4.85761e-06 4.85761e-06 
70.5188 9.71522e-06 9.71522e-06 
71.3003 2.42881e-06 2.42881e-06 
72.0818 9.71522e-06 9.71522e-06 
72.8633 4.85761e-06 4.85761e-06 
73.6448 4.85761e-06 4.85761e-06 
74.4263 4.85761e-06 4.85761e-06 
75.2077 0 0 
75.9892 2.42881e-06 2.42881e-06 
76.7707 0 0 
77.5522 0 0 
78.3337 2.42881e-06 2.42881e-06 
79.1152 2.42881e-06 2.42881e-06 
79.8967 0 0 
80.6782 0 0 
81.4597 0 0 
82.2412 0 0 
83.0227 4.85761e-06 4.85761e-06 




x=U_y/U_D 	 PDF 	 dV/Vdx
-70.8884 1.98635e-06 1.98635e-06 
-69.9329 5.95905e-06 5.95905e-06 
-68.9773 5.95905e-06 5.95905e-06 
-68.0217 3.9727e-06 3.9727e-06 
-67.0661 1.98635e-06 1.98635e-06 
-66.1106 1.19181e-05 1.19181e-05 
-65.155 1.58908e-05 1.58908e-05 
-64.1994 1.19181e-05 1.19181e-05 
-63.2439 1.78771e-05 1.78771e-05 
-62.2883 1.58908e-05 1.58908e-05 
-61.3327 1.98635e-05 1.98635e-05 
-60.3772 2.18498e-05 2.18498e-05 
-59.4216 1.98635e-05 1.98635e-05 
-58.466 2.97952e-05 2.97952e-05 
-57.5105 2.78089e-05 2.78089e-05 
-56.5549 2.18498e-05 2.18498e-05 
-55.5993 2.18498e-05 2.18498e-05 
-54.6437 4.76724e-05 4.76724e-05 
-53.6882 3.17816e-05 3.17816e-05 
-52.7326 3.9727e-05 3.9727e-05 
-51.777 3.17816e-05 3.17816e-05 
-50.8215 3.57543e-05 3.57543e-05 
-49.8659 5.16451e-05 5.16451e-05 
-48.9103 4.36997e-05 4.36997e-05 
-47.9548 3.9727e-05 3.9727e-05 
-46.9992 4.96587e-05 4.96587e-05 
-46.0436 4.96587e-05 4.96587e-05 
-45.088 6.35632e-05 6.35632e-05 
-44.1325 6.35632e-05 6.35632e-05 
-43.1769 4.17133e-05 4.17133e-05 
-42.2213 8.73993e-05 8.73993e-05 
-41.2658 6.15768e-05 6.15768e-05 
-40.3102 7.15086e-05 7.15086e-05 
-39.3546 5.76041e-05 5.76041e-05 
-38.3991 7.74676e-05 7.74676e-05 
-37.4435 7.15086e-05 7.15086e-05 
-36.4879 9.33584e-05 9.33584e-05 
-35.5323 0.000119181 0.000119181 
-34.5768 0.000117195 0.000117195 
-33.6212 0.000123154 0.000123154 
-32.6656 0.000115208 0.000115208 
-31.7101 0.000107263 0.000107263 
-30.7545 0.000127126 0.000127126 
-29.7989 0.000186717 0.000186717 
-28.8434 0.000176785 0.000176785 
-27.8878 0.000194662 0.000194662 
-26.9322 0.000256239 0.000256239 
-25.9766 0.000297952 0.000297952 
-25.0211 0.000355556 0.000355556 
-24.0655 0.000405215 0.000405215 
-23.1099 0.000532341 0.000532341 
-22.1544 0.000635632 0.000635632 
-21.1988 0.000762758 0.000762758 
-20.2432 0.000812417 0.000812417 
-19.2877 0.00093557 0.00093557 
-18.3321 0.00106468 0.00106468 
-17.3765 0.0012077 0.0012077 
-16.4209 0.00145798 0.00145798 
-15.4654 0.00173607 0.00173607 
-14.5098 0.00192676 0.00192676 
-13.5542 0.00217704 0.00217704 
-12.5987 0.00259814 0.00259814 
-11.6431 0.00312254 0.00312254 
-10.6875 0.00353173 0.00353173 
-9.73196 0.00436599 0.00436599 
-8.77639 0.00530951 0.00530951 
-7.82082 0.00705551 0.00705551 
-6.86525 0.00900611 0.00900611 
-5.90968 0.0118506 0.0118506 
-4.95411 0.0156524 0.0156524 
-3.99854 0.0212798 0.0212798 
-3.04297 0.0277175 0.0277175 
-2.0874 0.0402116 0.0402116 
-1.13183 0.065762 0.065762 
-0.176257 0.144753 0.144753 
0.779312 0.359589 0.359589 
1.73488 0.106333 0.106333 
2.69045 0.0605975 0.0605975 
3.64602 0.0363462 0.0363462 
4.60159 0.0229523 0.0229523 
5.55716 0.0157855 0.0157855 
6.51273 0.0122955 0.0122955 
7.4683 0.00946297 0.00946297 
8.42387 0.00753621 0.00753621 
9.37944 0.00641392 0.00641392 
10.335 0.00530752 0.00530752 
11.2906 0.00471361 0.00471361 
12.2462 0.00393496 0.00393496 
13.2017 0.00336686 0.00336686 
14.1573 0.00266767 0.00266767 
15.1129 0.00204991 0.00204991 
16.0684 0.00170429 0.00170429 
17.024 0.00127921 0.00127921 
17.9796 0.00101502 0.00101502 
18.9351 0.000754813 0.000754813 
19.8907 0.000516451 0.000516451 
20.8463 0.00043501 0.00043501 
21.8018 0.000333707 0.000333707 
22.7574 0.000282062 0.000282062 
23.713 0.00027213 0.00027213 
24.6686 0.000194662 0.000194662 
25.6241 0.000141031 0.000141031 
26.5797 7.74676e-05 7.74676e-05 
27.5353 7.9454e-05 7.9454e-05 
28.4908 7.34949e-05 7.34949e-05 
29.4464 4.76724e-05 4.76724e-05 
30.402 6.75359e-05 6.75359e-05 
31.3575 4.96587e-05 4.96587e-05 
32.3131 4.36997e-05 4.36997e-05 
33.2687 3.17816e-05 3.17816e-05 
34.2243 3.17816e-05 3.17816e-05 
35.1798 1.98635e-05 1.98635e-05 
36.1354 3.9727e-05 3.9727e-05 
37.091 1.78771e-05 1.78771e-05 
38.0465 2.18498e-05 2.18498e-05 
39.0021 2.97952e-05 2.97952e-05 
39.9577 2.18498e-05 2.18498e-05 
40.9132 1.58908e-05 1.58908e-05 
41.8688 2.58225e-05 2.58225e-05 
42.8244 1.98635e-05 1.98635e-05 
43.78 3.9727e-06 3.9727e-06 
44.7355 1.39044e-05 1.39044e-05 
45.6911 1.98635e-05 1.98635e-05 
46.6467 3.9727e-06 3.9727e-06 
47.6022 1.78771e-05 1.78771e-05 
48.5578 9.93174e-06 9.93174e-06 
49.5134 5.95905e-06 5.95905e-06 
50.4689 9.93174e-06 9.93174e-06 




x=U_z/U_D 	 PDF 	 dV/Vdx
-52.3485 1.11131e-05 1.11131e-05 
-51.4945 1.7781e-05 1.7781e-05 
-50.6405 8.89048e-06 8.89048e-06 
-49.7865 1.11131e-05 1.11131e-05 
-48.9325 1.55583e-05 1.55583e-05 
-48.0785 2.00036e-05 2.00036e-05 
-47.2245 3.33393e-05 3.33393e-05 
-46.3705 4.22298e-05 4.22298e-05 
-45.5165 2.88941e-05 2.88941e-05 
-44.6625 4.6675e-05 4.6675e-05 
-43.8086 3.33393e-05 3.33393e-05 
-42.9546 3.77845e-05 3.77845e-05 
-42.1006 5.11203e-05 5.11203e-05 
-41.2466 5.33429e-05 5.33429e-05 
-40.3926 6.00108e-05 6.00108e-05 
-39.5386 6.66786e-05 6.66786e-05 
-38.6846 6.22334e-05 6.22334e-05 
-37.8306 6.22334e-05 6.22334e-05 
-36.9766 9.55727e-05 9.55727e-05 
-36.1227 7.55691e-05 7.55691e-05 
-35.2687 9.33501e-05 9.33501e-05 
-34.4147 0.000137802 0.000137802 
-33.5607 0.000146693 0.000146693 
-32.7067 0.000128912 0.000128912 
-31.8527 0.000124467 0.000124467 
-30.9987 0.000173364 0.000173364 
-30.1447 0.000202258 0.000202258 
-29.2907 0.000202258 0.000202258 
-28.4367 0.0001867 0.0001867 
-27.5828 0.000231153 0.000231153 
-26.7288 0.00027116 0.00027116 
-25.8748 0.00032228 0.00032228 
-25.0208 0.000353397 0.000353397 
-24.1668 0.000440079 0.000440079 
-23.3128 0.000520093 0.000520093 
-22.4588 0.000555655 0.000555655 
-21.6048 0.000677899 0.000677899 
-20.7508 0.000795698 0.000795698 
-19.8968 0.00103352 0.00103352 
-19.0429 0.00117799 0.00117799 
-18.1889 0.00139581 0.00139581 
-17.3349 0.00159806 0.00159806 
-16.4809 0.00173809 0.00173809 
-15.6269 0.00209371 0.00209371 
-14.7729 0.00222262 0.00222262 
-13.9189 0.00253156 0.00253156 
-13.0649 0.003105 0.003105 
-12.2109 0.00350285 0.00350285 
-11.357 0.00416519 0.00416519 
-10.503 0.00475196 0.00475196 
-9.64897 0.00548987 0.00548987 
-8.79498 0.00654339 0.00654339 
-7.94099 0.00783696 0.00783696 
-7.087 0.00941947 0.00941947 
-6.23301 0.0115354 0.0115354 
-5.37902 0.0139714 0.0139714 
-4.52503 0.018081 0.018081 
-3.67104 0.0236309 0.0236309 
-2.81705 0.0315345 0.0315345 
-1.96306 0.0443391 0.0443391 
-1.10907 0.0682256 0.0682256 
-0.255084 0.139127 0.139127 
0.598906 0.399518 0.399518 
1.4529 0.119775 0.119775 
2.30689 0.0654206 0.0654206 
3.16087 0.0417853 0.0417853 
4.01486 0.0294164 0.0294164 
4.86885 0.0209615 0.0209615 
5.72284 0.014796 0.014796 
6.57683 0.0119377 0.0119377 
7.43082 0.0095017 0.0095017 
8.28481 0.00775472 0.00775472 
9.1388 0.00635225 0.00635225 
9.99279 0.0050009 0.0050009 
10.8468 0.00414963 0.00414963 
11.7008 0.0033406 0.0033406 
12.5548 0.00246044 0.00246044 
13.4088 0.00205815 0.00205815 
14.2627 0.00169808 0.00169808 
15.1167 0.00153805 0.00153805 
15.9707 0.00132913 0.00132913 
16.8247 0.00111131 0.00111131 
17.6787 0.000633447 0.000633447 
18.5327 0.000437856 0.000437856 
19.3867 0.000393404 0.000393404 
20.2407 0.00036451 0.00036451 
21.0947 0.000313389 0.000313389 
21.9486 0.000273382 0.000273382 
22.8026 0.000235598 0.000235598 
23.6566 0.000211149 0.000211149 
24.5106 0.000173364 0.000173364 
25.3646 0.000191145 0.000191145 
26.2186 0.000175587 0.000175587 
27.0726 0.000175587 0.000175587 
27.9266 0.000142248 0.000142248 
28.7806 0.000104463 0.000104463 
29.6346 0.000128912 0.000128912 
30.4885 0.000126689 0.000126689 
31.3425 9.55727e-05 9.55727e-05 
32.1965 0.000115576 0.000115576 
33.0505 8.44596e-05 8.44596e-05 
33.9045 8.66822e-05 8.66822e-05 
34.7585 0.000113354 0.000113354 
35.6125 9.33501e-05 9.33501e-05 
36.4665 9.11274e-05 9.11274e-05 
37.3205 8.44596e-05 8.44596e-05 
38.1745 6.22334e-05 6.22334e-05 
39.0284 6.66786e-05 6.66786e-05 
39.8824 5.11203e-05 5.11203e-05 
40.7364 8.44596e-05 8.44596e-05 
41.5904 5.55655e-05 5.55655e-05 
42.4444 4.6675e-05 4.6675e-05 
43.2984 5.77881e-05 5.77881e-05 
44.1524 5.33429e-05 5.33429e-05 
45.0064 5.77881e-05 5.77881e-05 
45.8604 4.00072e-05 4.00072e-05 
46.7144 3.55619e-05 3.55619e-05 
47.5683 2.66714e-05 2.66714e-05 
48.4223 3.11167e-05 3.11167e-05 
49.2763 2.22262e-05 2.22262e-05 
50.1303 8.89048e-06 8.89048e-06 
50.9843 1.55583e-05 1.55583e-05 
51.8383 1.33357e-05 1.33357e-05 
52.6923 1.11131e-05 1.11131e-05 
53.5463 1.11131e-05 1.11131e-05 
54.4003 1.11131e-05 1.11131e-05 
55.2542 0 0 
56.1082 1.33357e-05 1.33357e-05 




x=mag(U)/U_D 	 PDF 	 dV/Vdx
0.327186 0.203363 0.203363 
0.981559 0.173713 0.173713 
1.63593 0.131225 0.131225 
2.2903 0.106001 0.106001 
2.94468 0.0903489 0.0903489 
3.59905 0.078935 0.078935 
4.25342 0.0699662 0.0699662 
4.90779 0.0615137 0.0615137 
5.56217 0.0533282 0.0533282 
6.21654 0.0471904 0.0471904 
6.87091 0.0414327 0.0414327 
7.52528 0.0375023 0.0375023 
8.17966 0.0330527 0.0330527 
8.83403 0.0298649 0.0298649 
9.4884 0.0268425 0.0268425 
10.1428 0.0249164 0.0249164 
10.7971 0.0225379 0.0225379 
11.4515 0.0209803 0.0209803 
12.1059 0.019063 0.019063 
12.7603 0.017195 0.017195 
13.4146 0.0159593 0.0159593 
14.069 0.0151703 0.0151703 
14.7234 0.0137983 0.0137983 
15.3778 0.0131573 0.0131573 
16.0321 0.0126207 0.0126207 
16.6865 0.011678 0.011678 
17.3409 0.0108455 0.0108455 
17.9952 0.00992307 0.00992307 
18.6496 0.00920951 0.00920951 
19.304 0.00848435 0.00848435 
19.9584 0.00791293 0.00791293 
20.6127 0.00710945 0.00710945 
21.2671 0.00662215 0.00662215 
21.9215 0.0064133 0.0064133 
22.5759 0.00568524 0.00568524 
23.2302 0.00558372 0.00558372 
23.8846 0.00507611 0.00507611 
24.539 0.00491077 0.00491077 
25.1933 0.00441476 0.00441476 
25.8477 0.00396807 0.00396807 
26.5021 0.00376792 0.00376792 
27.1565 0.00357648 0.00357648 
27.8108 0.00354457 0.00354457 
28.4652 0.00314719 0.00314719 
29.1196 0.00295865 0.00295865 
29.7739 0.00290934 0.00290934 
30.4283 0.00263958 0.00263958 
31.0827 0.00240753 0.00240753 
31.7371 0.00238432 0.00238432 
32.3914 0.00216967 0.00216967 
33.0458 0.00217548 0.00217548 
33.7002 0.00200434 0.00200434 
34.3546 0.00175198 0.00175198 
35.0089 0.00175198 0.00175198 
35.6633 0.00169107 0.00169107 
36.3177 0.00161855 0.00161855 
36.972 0.00134589 0.00134589 
37.6264 0.0013633 0.0013633 
38.2808 0.00140101 0.00140101 
38.9352 0.00114865 0.00114865 
39.5895 0.00104133 0.00104133 
40.2439 0.00106453 0.00106453 
40.8983 0.000858588 0.000858588 
41.5527 0.000817979 0.000817979 
42.207 0.000693251 0.000693251 
42.8614 0.000646841 0.000646841 
43.5158 0.000678748 0.000678748 
44.1701 0.000612034 0.000612034 
44.8245 0.000617835 0.000617835 
45.4789 0.000475704 0.000475704 
46.1333 0.000522114 0.000522114 
46.7876 0.000533717 0.000533717 
47.442 0.000449598 0.000449598 
48.0964 0.000423493 0.000423493 
48.7508 0.000406089 0.000406089 
49.4051 0.000356778 0.000356778 
50.0595 0.000342275 0.000342275 
50.7139 0.00031907 0.00031907 
51.3682 0.000304567 0.000304567 
52.0226 0.000292964 0.000292964 
52.677 0.000269759 0.000269759 
53.3314 0.000200144 0.000200144 
53.9857 0.000237852 0.000237852 
54.6401 0.000217548 0.000217548 
55.2945 0.00018274 0.00018274 
55.9488 0.000171137 0.000171137 
56.6032 0.000113125 0.000113125 
57.2576 0.000153734 0.000153734 
57.912 0.000124727 0.000124727 
58.5663 8.99197e-05 8.99197e-05 
59.2207 0.000153734 0.000153734 
59.8751 0.000104423 0.000104423 
60.5295 0.000101522 0.000101522 
61.1838 8.12177e-05 8.12177e-05 
61.8382 6.67146e-05 6.67146e-05 
62.4926 7.25158e-05 7.25158e-05 
63.1469 7.25158e-05 7.25158e-05 
63.8013 7.83171e-05 7.83171e-05 
64.4557 7.83171e-05 7.83171e-05 
65.1101 5.22114e-05 5.22114e-05 
65.7644 7.83171e-05 7.83171e-05 
66.4188 4.35095e-05 4.35095e-05 
67.0732 4.64101e-05 4.64101e-05 
67.7276 5.22114e-05 5.22114e-05 
68.3819 3.77082e-05 3.77082e-05 
69.0363 5.5112e-05 5.5112e-05 
69.6907 3.48076e-05 3.48076e-05 
70.345 3.48076e-05 3.48076e-05 
70.9994 2.32051e-05 2.32051e-05 
71.6538 4.93108e-05 4.93108e-05 
72.3082 4.06089e-05 4.06089e-05 
72.9625 4.35095e-05 4.35095e-05 
73.6169 2.90063e-05 2.90063e-05 
74.2713 2.90063e-05 2.90063e-05 
74.9257 2.61057e-05 2.61057e-05 
75.58 2.32051e-05 2.32051e-05 
76.2344 1.74038e-05 1.74038e-05 
76.8888 2.61057e-05 2.61057e-05 
77.5431 5.80127e-06 5.80127e-06 
78.1975 1.16025e-05 1.16025e-05 
78.8519 3.1907e-05 3.1907e-05 
79.5063 2.03044e-05 2.03044e-05 
80.1606 1.45032e-05 1.45032e-05 
80.815 1.45032e-05 1.45032e-05 
81.4694 1.16025e-05 1.16025e-05 
82.1237 0 0 
82.7781 5.80127e-06 5.80127e-06 
83.4325 2.32051e-05 2.32051e-05 


