berea_128_61-1-Y/processor0	effPorosity= 0.22323 		K_y= 3.63503e-13 m^2 		FF_y= 17.4732 		DarcyVelocity= 1.41993e-06 m/s 		DelP= 1 Pa 		K: 3.63503e-13 m^2 			K=( 0  3.63503e-13  0 ) Pmax-Pmin: 1.00602 Umax= 0.000218364		 effPorosity= V_pore/(L_x*L_y*L_z)= 3.74518e-12/(0.000256*0.000256*0.000256)= 0.22323		 Re=rho*VDarcy*sqrt(K)/mu= 1000*1.41993e-06*sqrt(3.63503e-13 )/0.001)= 8.56094e-07


x=mag(U)/U_D 	 PDF 	 dV/Vdx 	 PDF(log10(x)) 	 dV/Vd(log10(x))
4.30613e-13 1.88746e+07 1.88746e+07 1.87146e-05 1.87146e-05 
5.6005e-13 0 0 0 0 
7.28394e-13 1.11583e+07 1.11583e+07 1.87146e-05 1.87146e-05 
9.47341e-13 8.57943e+06 8.57943e+06 1.87146e-05 1.87146e-05 
1.2321e-12 0 0 0 0 
1.60246e-12 0 0 0 0 
2.08413e-12 0 0 0 0 
2.7106e-12 0 0 0 0 
3.52538e-12 4.61094e+06 4.61094e+06 3.74292e-05 3.74292e-05 
4.58506e-12 0 0 0 0 
5.96328e-12 6.81475e+06 6.81475e+06 9.3573e-05 9.3573e-05 
7.75577e-12 0 0 0 0 
1.00871e-11 4.02875e+06 4.02875e+06 9.3573e-05 9.3573e-05 
1.31191e-11 1.23905e+06 1.23905e+06 3.74292e-05 3.74292e-05 
1.70626e-11 2.85806e+06 2.85806e+06 0.000112288 0.000112288 
2.21914e-11 2.19752e+06 2.19752e+06 0.000112288 0.000112288 
2.88618e-11 3.37926e+06 3.37926e+06 0.000224575 0.000224575 
3.75374e-11 3.89739e+06 3.89739e+06 0.000336863 0.000336863 
4.88207e-11 2.16424e+06 2.16424e+06 0.00024329 0.00024329 
6.34956e-11 2.94408e+06 2.94408e+06 0.000430436 0.000430436 
8.25816e-11 2.36207e+06 2.36207e+06 0.00044915 0.00044915 
1.07405e-10 2.72423e+06 2.72423e+06 0.000673726 0.000673726 
1.39689e-10 2.03643e+06 2.03643e+06 0.000655011 0.000655011 
1.81678e-10 2.28156e+06 2.28156e+06 0.000954445 0.000954445 
2.36288e-10 2.23581e+06 2.23581e+06 0.00121645 0.00121645 
3.07314e-10 1.13724e+06 1.13724e+06 0.000804728 0.000804728 
3.99689e-10 1.01675e+06 1.01675e+06 0.00093573 0.00093573 
5.19831e-10 953746 953746 0.00114159 0.00114159 
6.76086e-10 1.08195e+06 1.08195e+06 0.00168431 0.00168431 
8.79309e-10 868863 868863 0.00175917 0.00175917 
1.14362e-09 575663 575663 0.00151588 0.00151588 
1.48738e-09 551906 551906 0.00189017 0.00189017 
1.93447e-09 336120 336120 0.00149717 0.00149717 
2.51594e-09 316585 316585 0.00183403 0.00183403 
3.27221e-09 268255 268255 0.00202118 0.00202118 
4.25579e-09 194798 194798 0.00190889 0.00190889 
5.53503e-09 160056 160056 0.00203989 0.00203989 
7.1988e-09 121935 121935 0.00202118 0.00202118 
9.36268e-09 85072.8 85072.8 0.00183403 0.00183403 
1.2177e-08 86769.8 86769.8 0.0024329 0.0024329 
1.58372e-08 49780.2 49780.2 0.00181532 0.00181532 
2.05977e-08 45377.8 45377.8 0.00215218 0.00215218 
2.67892e-08 32159.7 32159.7 0.00198375 0.00198375 
3.48417e-08 25193.6 25193.6 0.00202118 0.00202118 
4.53147e-08 17577.3 17577.3 0.00183403 0.00183403 
5.89357e-08 15997.2 15997.2 0.00217089 0.00217089 
7.66511e-08 13042.2 13042.2 0.0023019 0.0023019 
9.96916e-08 8723.49 8723.49 0.00200246 0.00200246 
1.29658e-07 4513.35 4513.35 0.00134745 0.00134745 
1.68631e-07 3036.46 3036.46 0.00117902 0.00117902 
2.1932e-07 2445.86 2445.86 0.00123516 0.00123516 
2.85245e-07 1823.59 1823.59 0.00119773 0.00119773 
3.70986e-07 1533.58 1533.58 0.00131002 0.00131002 
4.825e-07 1212.83 1212.83 0.00134745 0.00134745 
6.27534e-07 1049.09 1049.09 0.00151588 0.00151588 
8.16163e-07 657.252 657.252 0.00123516 0.00123516 
1.06149e-06 650.829 650.829 0.00159074 0.00159074 
1.38056e-06 441.539 441.539 0.0014036 0.0014036 
1.79555e-06 398.337 398.337 0.00164688 0.00164688 
2.33527e-06 348.04 348.04 0.00187146 0.00187146 
3.03722e-06 299.714 299.714 0.00209604 0.00209604 
3.95017e-06 195.467 195.467 0.00177789 0.00177789 
5.13755e-06 194.587 194.587 0.0023019 0.0023019 
6.68183e-06 178.808 178.808 0.00275105 0.00275105 
8.69031e-06 156.187 156.187 0.00312534 0.00312534 
1.13025e-05 123.685 123.685 0.00321891 0.00321891 
1.46999e-05 95.0995 95.0995 0.00321891 0.00321891 
1.91185e-05 74.8209 74.8209 0.00329377 0.00329377 
2.48654e-05 64.7195 64.7195 0.00370549 0.00370549 
3.23396e-05 58.558 58.558 0.0043605 0.0043605 
4.20605e-05 41.3527 41.3527 0.00400492 0.00400492 
5.47034e-05 31.7954 31.7954 0.00400492 0.00400492 
7.11466e-05 23.3046 23.3046 0.00381778 0.00381778 
9.25324e-05 21.6954 21.6954 0.00462251 0.00462251 
0.000120347 18.4372 18.4372 0.00510909 0.00510909 
0.000156521 14.3837 14.3837 0.00518394 0.00518394 
0.00020357 11.7381 11.7381 0.00550209 0.00550209 
0.00026476 10.0076 10.0076 0.00610096 0.00610096 
0.000344344 8.59159 8.59159 0.00681211 0.00681211 
0.00044785 7.36815 7.36815 0.00759813 0.00759813 
0.000582469 6.11176 6.11176 0.008197 0.008197 
0.000757552 5.52535 5.52535 0.00963802 0.00963802 
0.000985263 4.7598 4.7598 0.0107983 0.0107983 
0.00128142 3.65973 3.65973 0.0107983 0.0107983 
0.0016666 3.25281 3.25281 0.0124826 0.0124826 
0.00216756 3.00349 3.00349 0.0149904 0.0149904 
0.00281911 2.51691 2.51691 0.0163378 0.0163378 
0.0036665 2.05491 2.05491 0.0173484 0.0173484 
0.0047686 1.80497 1.80497 0.0198188 0.0198188 
0.00620199 1.56473 1.56473 0.0223452 0.0223452 
0.00806623 1.37237 1.37237 0.0254893 0.0254893 
0.0104908 1.17992 1.17992 0.0285023 0.0285023 
0.0136443 1.01206 1.01206 0.0317961 0.0317961 
0.0177456 0.855104 0.855104 0.0349402 0.0349402 
0.0230797 0.733188 0.733188 0.0389638 0.0389638 
0.0300172 0.633865 0.633865 0.0438109 0.0438109 
0.03904 0.550448 0.550448 0.0494814 0.0494814 
0.0507749 0.479416 0.479416 0.0560502 0.0560502 
0.0660373 0.444922 0.444922 0.0676533 0.0676533 
0.0858873 0.374741 0.374741 0.0741098 0.0741098 
0.111704 0.349032 0.349032 0.0897739 0.0897739 
0.145281 0.312785 0.312785 0.104633 0.104633 
0.188951 0.27581 0.27581 0.119998 0.119998 
0.245747 0.257078 0.257078 0.145469 0.145469 
0.319616 0.228051 0.228051 0.167833 0.167833 
0.415689 0.202855 0.202855 0.194164 0.194164 
0.54064 0.175831 0.175831 0.218886 0.218886 
0.70315 0.156103 0.156103 0.252741 0.252741 
0.914508 0.134992 0.134992 0.284256 0.284256 
1.1894 0.120391 0.120391 0.329714 0.329714 
1.54692 0.104635 0.104635 0.372701 0.372701 
2.0119 0.0901962 0.0901962 0.417841 0.417841 
2.61666 0.0774573 0.0774573 0.466686 0.466686 
3.40319 0.064516 0.064516 0.505556 0.505556 
4.42615 0.0538121 0.0538121 0.548431 0.548431 
5.7566 0.0436272 0.0436272 0.578281 0.578281 
7.48697 0.0345483 0.0345483 0.595592 0.595592 
9.73746 0.026087 0.026087 0.584906 0.584906 
12.6644 0.0192017 0.0192017 0.559941 0.559941 
16.4712 0.013435 0.013435 0.509542 0.509542 
21.4223 0.00806874 0.00806874 0.398003 0.398003 
27.8615 0.00385648 0.00385648 0.247407 0.247407 
36.2364 0.00179481 0.00179481 0.149754 0.149754 
47.1286 0.000886082 0.000886082 0.0961556 0.0961556 
61.2949 0.000351785 0.000351785 0.0496498 0.0496498 
79.7195 0.000114799 0.000114799 0.0210726 0.0210726 
103.682 3.70785e-05 3.70785e-05 0.00885201 0.00885201 
134.848 9.58336e-06 9.58336e-06 0.00297562 0.00297562 




x=U_x/U_D 	 PDF 	 dV/Vdx
-83.6703 1.98321e-06 1.98321e-06 
-82.5932 0 0 
-81.5161 0 0 
-80.439 1.98321e-06 1.98321e-06 
-79.3619 0 0 
-78.2849 0 0 
-77.2078 0 0 
-76.1307 1.98321e-06 1.98321e-06 
-75.0536 1.98321e-06 1.98321e-06 
-73.9765 0 0 
-72.8994 3.96642e-06 3.96642e-06 
-71.8224 0 0 
-70.7453 1.98321e-06 1.98321e-06 
-69.6682 1.98321e-06 1.98321e-06 
-68.5911 0 0 
-67.514 0 0 
-66.4369 1.98321e-06 1.98321e-06 
-65.3599 0 0 
-64.2828 1.98321e-06 1.98321e-06 
-63.2057 3.96642e-06 3.96642e-06 
-62.1286 1.98321e-06 1.98321e-06 
-61.0515 1.38825e-05 1.38825e-05 
-59.9744 9.91604e-06 9.91604e-06 
-58.8973 1.18992e-05 1.18992e-05 
-57.8203 1.98321e-05 1.98321e-05 
-56.7432 1.58657e-05 1.58657e-05 
-55.6661 1.98321e-05 1.98321e-05 
-54.589 2.37985e-05 2.37985e-05 
-53.5119 2.18153e-05 2.18153e-05 
-52.4348 2.18153e-05 2.18153e-05 
-51.3578 2.57817e-05 2.57817e-05 
-50.2807 3.17313e-05 3.17313e-05 
-49.2036 3.56977e-05 3.56977e-05 
-48.1265 3.56977e-05 3.56977e-05 
-47.0494 4.36306e-05 4.36306e-05 
-45.9723 5.94962e-05 5.94962e-05 
-44.8953 3.56977e-05 3.56977e-05 
-43.8182 4.36306e-05 4.36306e-05 
-42.7411 6.54459e-05 6.54459e-05 
-41.664 5.55298e-05 5.55298e-05 
-40.5869 5.94962e-05 5.94962e-05 
-39.5098 6.74291e-05 6.74291e-05 
-38.4328 6.54459e-05 6.54459e-05 
-37.3557 8.32947e-05 8.32947e-05 
-36.2786 9.91604e-05 9.91604e-05 
-35.2015 0.000124942 0.000124942 
-34.1244 0.000113043 0.000113043 
-33.0473 0.000188405 0.000188405 
-31.9702 0.00020427 0.00020427 
-30.8932 0.000253851 0.000253851 
-29.8161 0.000289548 0.000289548 
-28.739 0.000345078 0.000345078 
-27.6619 0.000368877 0.000368877 
-26.5848 0.000434322 0.000434322 
-25.5077 0.000559265 0.000559265 
-24.4307 0.000571164 0.000571164 
-23.3536 0.000604878 0.000604878 
-22.2765 0.000761552 0.000761552 
-21.1994 0.000864679 0.000864679 
-20.1223 0.0010035 0.0010035 
-19.0452 0.00126132 0.00126132 
-17.9682 0.00143981 0.00143981 
-16.8911 0.00185033 0.00185033 
-15.814 0.0020427 0.0020427 
-14.7369 0.00260197 0.00260197 
-13.6598 0.00287168 0.00287168 
-12.5827 0.00340318 0.00340318 
-11.5057 0.00407549 0.00407549 
-10.4286 0.00514841 0.00514841 
-9.35149 0.00634428 0.00634428 
-8.2744 0.00833146 0.00833146 
-7.19732 0.010517 0.010517 
-6.12023 0.0133668 0.0133668 
-5.04315 0.01748 0.01748 
-3.96607 0.0239532 0.0239532 
-2.88898 0.0346268 0.0346268 
-1.8119 0.0542427 0.0542427 
-0.734815 0.0922469 0.0922469 
0.342269 0.358913 0.358913 
1.41935 0.112599 0.112599 
2.49644 0.0479619 0.0479619 
3.57352 0.0289905 0.0289905 
4.65061 0.0195981 0.0195981 
5.72769 0.0141938 0.0141938 
6.80477 0.0109215 0.0109215 
7.88186 0.00874198 0.00874198 
8.95894 0.00711178 0.00711178 
10.036 0.00592979 0.00592979 
11.1131 0.0044761 0.0044761 
12.1902 0.00330997 0.00330997 
13.2673 0.00237588 0.00237588 
14.3444 0.00185033 0.00185033 
15.4214 0.00146361 0.00146361 
16.4985 0.00114431 0.00114431 
17.5756 0.000961856 0.000961856 
18.6527 0.000727837 0.000727837 
19.7298 0.000545382 0.000545382 
20.8069 0.000466054 0.000466054 
21.8839 0.000329212 0.000329212 
22.961 0.000271699 0.000271699 
24.0381 0.000218153 0.000218153 
25.1152 0.000198321 0.000198321 
26.1923 0.000200304 0.000200304 
27.2694 0.000206254 0.000206254 
28.3465 0.000144774 0.000144774 
29.4235 0.000124942 0.000124942 
30.5006 0.00011106 0.00011106 
31.5777 0.00011106 0.00011106 
32.6548 0.000103127 0.000103127 
33.7319 0.000109076 0.000109076 
34.809 6.34626e-05 6.34626e-05 
35.886 8.72611e-05 8.72611e-05 
36.9631 7.33787e-05 7.33787e-05 
38.0402 2.37985e-05 2.37985e-05 
39.1173 7.13955e-05 7.13955e-05 
40.1944 4.16474e-05 4.16474e-05 
41.2715 3.76809e-05 3.76809e-05 
42.3485 3.96642e-05 3.96642e-05 
43.4256 2.97481e-05 2.97481e-05 
44.5027 1.78489e-05 1.78489e-05 
45.5798 2.18153e-05 2.18153e-05 
46.6569 1.38825e-05 1.38825e-05 
47.734 1.18992e-05 1.18992e-05 
48.811 0 0 
49.8881 0 0 
50.9652 1.98321e-06 1.98321e-06 
52.0423 1.98321e-06 1.98321e-06 
53.1194 1.98321e-06 1.98321e-06 




x=U_y/U_D 	 PDF 	 dV/Vdx
-23.752 3.11414e-06 3.11414e-06 
-22.3801 6.22828e-06 6.22828e-06 
-21.0083 4.67121e-06 4.67121e-06 
-19.6364 1.08995e-05 1.08995e-05 
-18.2646 6.22828e-06 6.22828e-06 
-16.8927 1.24566e-05 1.24566e-05 
-15.5209 3.11414e-05 3.11414e-05 
-14.149 2.49131e-05 2.49131e-05 
-12.7771 6.38399e-05 6.38399e-05 
-11.4053 6.38399e-05 6.38399e-05 
-10.0334 8.71959e-05 8.71959e-05 
-8.66156 0.000115223 0.000115223 
-7.2897 0.000151036 0.000151036 
-5.91784 0.000232003 0.000232003 
-4.54598 0.000344113 0.000344113 
-3.17412 0.000622828 0.000622828 
-1.80226 0.00153683 0.00153683 
-0.430402 0.0107765 0.0107765 
0.941457 0.277159 0.277159 
2.31332 0.113545 0.113545 
3.68518 0.0683351 0.0683351 
5.05703 0.0481384 0.0481384 
6.42889 0.0368263 0.0368263 
7.80075 0.0285504 0.0285504 
9.17261 0.0223035 0.0223035 
10.5445 0.0187845 0.0187845 
11.9163 0.0156283 0.0156283 
13.2882 0.0137053 0.0137053 
14.66 0.0117808 0.0117808 
16.0319 0.00979242 0.00979242 
17.4038 0.00812168 0.00812168 
18.7756 0.00648208 0.00648208 
20.1475 0.00482069 0.00482069 
21.5193 0.00365444 0.00365444 
22.8912 0.00311258 0.00311258 
24.2631 0.00264079 0.00264079 
25.6349 0.00222194 0.00222194 
27.0068 0.00194945 0.00194945 
28.3786 0.00156018 0.00156018 
29.7505 0.00144652 0.00144652 
31.1224 0.00126278 0.00126278 
32.4942 0.00114289 0.00114289 
33.8661 0.00105102 0.00105102 
35.2379 0.00110552 0.00110552 
36.6098 0.000934242 0.000934242 
37.9817 0.000847046 0.000847046 
39.3535 0.000731823 0.000731823 
40.7254 0.000710024 0.000710024 
42.0972 0.000621271 0.000621271 
43.4691 0.00057923 0.00057923 
44.8409 0.000481135 0.000481135 
46.2128 0.000414181 0.000414181 
47.5847 0.000426637 0.000426637 
48.9565 0.000328542 0.000328542 
50.3284 0.000328542 0.000328542 
51.7002 0.000300515 0.000300515 
53.0721 0.000258474 0.000258474 
54.444 0.000242903 0.000242903 
55.8158 0.00024446 0.00024446 
57.1877 0.000200862 0.000200862 
58.5595 0.000189963 0.000189963 
59.9314 0.000186848 0.000186848 
61.3033 0.000141693 0.000141693 
62.6751 0.00012768 0.00012768 
64.047 0.000132351 0.000132351 
65.4188 0.000135465 0.000135465 
66.7907 0.000102767 0.000102767 
68.1626 0.000108995 0.000108995 
69.5344 9.18672e-05 9.18672e-05 
70.9063 7.47394e-05 7.47394e-05 
72.2781 7.00682e-05 7.00682e-05 
73.65 3.42555e-05 3.42555e-05 
75.0218 3.73697e-05 3.73697e-05 
76.3937 2.64702e-05 2.64702e-05 
77.7656 3.11414e-05 3.11414e-05 
79.1374 4.98263e-05 4.98263e-05 
80.5093 4.04838e-05 4.04838e-05 
81.8811 3.26985e-05 3.26985e-05 
83.253 3.11414e-05 3.11414e-05 
84.6249 2.02419e-05 2.02419e-05 
85.9967 2.1799e-05 2.1799e-05 
87.3686 1.71278e-05 1.71278e-05 
88.7404 2.02419e-05 2.02419e-05 
90.1123 1.71278e-05 1.71278e-05 
91.4842 1.86848e-05 1.86848e-05 
92.856 2.1799e-05 2.1799e-05 
94.2279 1.08995e-05 1.08995e-05 
95.5997 1.86848e-05 1.86848e-05 
96.9716 1.40136e-05 1.40136e-05 
98.3435 1.24566e-05 1.24566e-05 
99.7153 1.71278e-05 1.71278e-05 
101.087 3.11414e-06 3.11414e-06 
102.459 1.24566e-05 1.24566e-05 
103.831 1.86848e-05 1.86848e-05 
105.203 9.34242e-06 9.34242e-06 
106.575 1.08995e-05 1.08995e-05 
107.946 1.55707e-05 1.55707e-05 
109.318 7.78535e-06 7.78535e-06 
110.69 7.78535e-06 7.78535e-06 
112.062 1.24566e-05 1.24566e-05 
113.434 1.08995e-05 1.08995e-05 
114.806 3.11414e-06 3.11414e-06 
116.178 4.67121e-06 4.67121e-06 
117.549 4.67121e-06 4.67121e-06 
118.921 6.22828e-06 6.22828e-06 
120.293 9.34242e-06 9.34242e-06 
121.665 7.78535e-06 7.78535e-06 
123.037 1.40136e-05 1.40136e-05 
124.409 4.67121e-06 4.67121e-06 
125.781 3.11414e-06 3.11414e-06 
127.152 1.55707e-06 1.55707e-06 
128.524 4.67121e-06 4.67121e-06 
129.896 6.22828e-06 6.22828e-06 
131.268 4.67121e-06 4.67121e-06 
132.64 4.67121e-06 4.67121e-06 
134.012 3.11414e-06 3.11414e-06 
135.384 4.67121e-06 4.67121e-06 
136.756 6.22828e-06 6.22828e-06 
138.127 1.55707e-06 1.55707e-06 
139.499 3.11414e-06 3.11414e-06 
140.871 1.55707e-06 1.55707e-06 
142.243 0 0 
143.615 1.55707e-06 1.55707e-06 
144.987 0 0 
146.359 4.67121e-06 4.67121e-06 
147.73 0 0 
149.102 1.55707e-06 1.55707e-06 
150.474 1.55707e-06 1.55707e-06 




x=U_z/U_D 	 PDF 	 dV/Vdx
-66.1146 1.89989e-06 1.89989e-06 
-64.9902 3.79979e-06 3.79979e-06 
-63.8659 1.89989e-06 1.89989e-06 
-62.7416 1.89989e-06 1.89989e-06 
-61.6173 9.49947e-06 9.49947e-06 
-60.493 7.59958e-06 7.59958e-06 
-59.3687 3.79979e-06 3.79979e-06 
-58.2443 3.79979e-06 3.79979e-06 
-57.12 7.59958e-06 7.59958e-06 
-55.9957 5.69968e-06 5.69968e-06 
-54.8714 3.79979e-06 3.79979e-06 
-53.7471 1.32993e-05 1.32993e-05 
-52.6228 5.69968e-06 5.69968e-06 
-51.4985 5.69968e-06 5.69968e-06 
-50.3741 2.08988e-05 2.08988e-05 
-49.2498 5.69968e-06 5.69968e-06 
-48.1255 1.70991e-05 1.70991e-05 
-47.0012 9.49947e-06 9.49947e-06 
-45.8769 7.59958e-06 7.59958e-06 
-44.7526 1.32993e-05 1.32993e-05 
-43.6282 9.49947e-06 9.49947e-06 
-42.5039 2.08988e-05 2.08988e-05 
-41.3796 1.51992e-05 1.51992e-05 
-40.2553 2.27987e-05 2.27987e-05 
-39.131 1.51992e-05 1.51992e-05 
-38.0067 2.46986e-05 2.46986e-05 
-36.8824 1.89989e-05 1.89989e-05 
-35.758 3.79979e-05 3.79979e-05 
-34.6337 2.84984e-05 2.84984e-05 
-33.5094 4.36976e-05 4.36976e-05 
-32.3851 5.31971e-05 5.31971e-05 
-31.2608 6.45964e-05 6.45964e-05 
-30.1365 0.000117793 0.000117793 
-29.0121 9.30948e-05 9.30948e-05 
-27.8878 0.000146292 0.000146292 
-26.7635 0.000153891 0.000153891 
-25.6392 0.00018049 0.00018049 
-24.5149 0.000144392 0.000144392 
-23.3906 0.000208988 0.000208988 
-22.2662 0.000332482 0.000332482 
-21.1419 0.000425576 0.000425576 
-20.0176 0.000683962 0.000683962 
-18.8933 0.00089865 0.00089865 
-17.769 0.00113424 0.00113424 
-16.6447 0.00129383 0.00129383 
-15.5204 0.00153132 0.00153132 
-14.396 0.0018258 0.0018258 
-13.2717 0.00242047 0.00242047 
-12.1474 0.00305313 0.00305313 
-11.0231 0.00404488 0.00404488 
-9.89878 0.00515821 0.00515821 
-8.77446 0.00696311 0.00696311 
-7.65015 0.00923919 0.00923919 
-6.52583 0.0126856 0.0126856 
-5.40151 0.0175873 0.0175873 
-4.2772 0.0239349 0.0239349 
-3.15288 0.0344337 0.0344337 
-2.02857 0.0483238 0.0483238 
-0.904252 0.0808519 0.0808519 
0.220064 0.341704 0.341704 
1.34438 0.130688 0.130688 
2.46869 0.050902 0.050902 
3.59301 0.0293097 0.0293097 
4.71733 0.0185886 0.0185886 
5.84164 0.0127179 0.0127179 
6.96596 0.00932088 0.00932088 
8.09027 0.00635515 0.00635515 
9.21459 0.00472124 0.00472124 
10.3389 0.00395748 0.00395748 
11.4632 0.00311963 0.00311963 
12.5875 0.00255916 0.00255916 
13.7119 0.00218678 0.00218678 
14.8362 0.001784 0.001784 
15.9605 0.00153701 0.00153701 
17.0848 0.00141542 0.00141542 
18.2091 0.00121593 0.00121593 
19.3334 0.00106964 0.00106964 
20.4577 0.000885351 0.000885351 
21.5821 0.000801756 0.000801756 
22.7064 0.000657364 0.000657364 
23.8307 0.000583268 0.000583268 
24.955 0.000469274 0.000469274 
26.0793 0.000455975 0.000455975 
27.2036 0.000474974 0.000474974 
28.328 0.000328682 0.000328682 
29.4523 0.00035528 0.00035528 
30.5766 0.000336281 0.000336281 
31.7009 0.000281184 0.000281184 
32.8252 0.000286884 0.000286884 
33.9495 0.000205189 0.000205189 
35.0738 0.000237487 0.000237487 
36.1982 0.000165291 0.000165291 
37.3225 0.00017289 0.00017289 
38.4468 0.000125393 0.000125393 
39.5711 0.000151992 0.000151992 
40.6954 0.000150092 0.000150092 
41.8197 0.000129193 0.000129193 
42.9441 0.000106394 0.000106394 
44.0684 8.9295e-05 8.9295e-05 
45.1927 6.64963e-05 6.64963e-05 
46.317 7.78957e-05 7.78957e-05 
47.4413 5.31971e-05 5.31971e-05 
48.5656 4.17977e-05 4.17977e-05 
49.6899 4.17977e-05 4.17977e-05 
50.8143 2.65985e-05 2.65985e-05 
51.9386 5.69968e-06 5.69968e-06 
53.0629 2.27987e-05 2.27987e-05 
54.1872 3.79979e-06 3.79979e-06 
55.3115 7.59958e-06 7.59958e-06 
56.4358 1.13994e-05 1.13994e-05 
57.5602 5.69968e-06 5.69968e-06 
58.6845 3.79979e-06 3.79979e-06 
59.8088 1.51992e-05 1.51992e-05 
60.9331 7.59958e-06 7.59958e-06 
62.0574 5.69968e-06 5.69968e-06 
63.1817 7.59958e-06 7.59958e-06 
64.3061 9.49947e-06 9.49947e-06 
65.4304 3.79979e-06 3.79979e-06 
66.5547 5.69968e-06 5.69968e-06 
67.679 3.79979e-06 3.79979e-06 
68.8033 3.79979e-06 3.79979e-06 
69.9276 5.69968e-06 5.69968e-06 
71.0519 1.89989e-06 1.89989e-06 
72.1763 1.89989e-06 1.89989e-06 
73.3006 3.79979e-06 3.79979e-06 
74.4249 3.79979e-06 3.79979e-06 
75.5492 0 0 
76.6735 7.59958e-06 7.59958e-06 




x=mag(U)/U_D 	 PDF 	 dV/Vdx
0.600723 0.178454 0.178454 
1.80217 0.130957 0.130957 
3.00361 0.086281 0.086281 
4.20506 0.064985 0.064985 
5.4065 0.0519083 0.0519083 
6.60795 0.0429991 0.0429991 
7.8094 0.0361488 0.0361488 
9.01084 0.0301607 0.0301607 
10.2123 0.0262937 0.0262937 
11.4137 0.0228872 0.0228872 
12.6152 0.0195661 0.0195661 
13.8166 0.0172921 0.0172921 
15.0181 0.0154022 0.0154022 
16.2195 0.0137665 0.0137665 
17.421 0.0123246 0.0123246 
18.6224 0.0103582 0.0103582 
19.8238 0.00876162 0.00876162 
21.0253 0.0069428 0.0069428 
22.2267 0.00613918 0.00613918 
23.4282 0.00532489 0.00532489 
24.6296 0.00472395 0.00472395 
25.8311 0.00392744 0.00392744 
27.0325 0.00347229 0.00347229 
28.234 0.00299936 0.00299936 
29.4354 0.00263311 0.00263311 
30.6369 0.00236642 0.00236642 
31.8383 0.0021264 0.0021264 
33.0397 0.00185438 0.00185438 
34.2412 0.00170859 0.00170859 
35.4426 0.00162147 0.00162147 
36.6441 0.00144012 0.00144012 
37.8455 0.001369 0.001369 
39.047 0.00123566 0.00123566 
40.2484 0.00111476 0.00111476 
41.4499 0.00102053 0.00102053 
42.6513 0.000983193 0.000983193 
43.8528 0.000867628 0.000867628 
45.0542 0.000791177 0.000791177 
46.2556 0.000776954 0.000776954 
47.4571 0.000666722 0.000666722 
48.6585 0.000631164 0.000631164 
49.86 0.000576048 0.000576048 
51.0614 0.000501375 0.000501375 
52.2629 0.000465817 0.000465817 
53.4643 0.000401811 0.000401811 
54.6658 0.000348474 0.000348474 
55.8672 0.000350251 0.000350251 
57.0687 0.000316471 0.000316471 
58.2701 0.000268467 0.000268467 
59.4715 0.000311137 0.000311137 
60.673 0.000279134 0.000279134 
61.8744 0.000199128 0.000199128 
63.0759 0.000227575 0.000227575 
64.2773 0.000183126 0.000183126 
65.4788 0.000181348 0.000181348 
66.6802 0.000168903 0.000168903 
67.8817 0.0001369 0.0001369 
69.0831 0.00014579 0.00014579 
70.2846 0.000128011 0.000128011 
71.486 0.000115565 0.000115565 
72.6874 0.000101342 0.000101342 
73.8889 0.000108453 0.000108453 
75.0903 9.77859e-05 9.77859e-05 
76.2918 8.88963e-05 8.88963e-05 
77.4932 9.24522e-05 9.24522e-05 
78.6947 6.57833e-05 6.57833e-05 
79.8961 6.57833e-05 6.57833e-05 
81.0976 6.40053e-05 6.40053e-05 
82.299 6.22274e-05 6.22274e-05 
83.5005 9.06742e-05 9.06742e-05 
84.7019 4.97819e-05 4.97819e-05 
85.9033 3.73364e-05 3.73364e-05 
87.1048 6.40053e-05 6.40053e-05 
88.3062 5.33378e-05 5.33378e-05 
89.5077 3.91144e-05 3.91144e-05 
90.7091 3.20027e-05 3.20027e-05 
91.9106 5.15599e-05 5.15599e-05 
93.112 3.20027e-05 3.20027e-05 
94.3135 2.4891e-05 2.4891e-05 
95.5149 2.84468e-05 2.84468e-05 
96.7164 4.08923e-05 4.08923e-05 
97.9178 3.37806e-05 3.37806e-05 
99.1192 3.20027e-05 3.20027e-05 
100.321 3.37806e-05 3.37806e-05 
101.522 2.84468e-05 2.84468e-05 
102.724 2.4891e-05 2.4891e-05 
103.925 1.77793e-05 1.77793e-05 
105.126 1.95572e-05 1.95572e-05 
106.328 2.3113e-05 2.3113e-05 
107.529 1.60013e-05 1.60013e-05 
108.731 1.95572e-05 1.95572e-05 
109.932 1.42234e-05 1.42234e-05 
111.134 1.06676e-05 1.06676e-05 
112.335 5.33378e-06 5.33378e-06 
113.537 1.06676e-05 1.06676e-05 
114.738 1.42234e-05 1.42234e-05 
115.939 8.88963e-06 8.88963e-06 
117.141 7.1117e-06 7.1117e-06 
118.342 1.77793e-06 1.77793e-06 
119.544 5.33378e-06 5.33378e-06 
120.745 1.42234e-05 1.42234e-05 
121.947 1.24455e-05 1.24455e-05 
123.148 8.88963e-06 8.88963e-06 
124.35 5.33378e-06 5.33378e-06 
125.551 5.33378e-06 5.33378e-06 
126.752 7.1117e-06 7.1117e-06 
127.954 7.1117e-06 7.1117e-06 
129.155 1.77793e-06 1.77793e-06 
130.357 3.55585e-06 3.55585e-06 
131.558 1.77793e-06 1.77793e-06 
132.76 8.88963e-06 8.88963e-06 
133.961 3.55585e-06 3.55585e-06 
135.163 7.1117e-06 7.1117e-06 
136.364 7.1117e-06 7.1117e-06 
137.566 3.55585e-06 3.55585e-06 
138.767 0 0 
139.968 7.1117e-06 7.1117e-06 
141.17 3.55585e-06 3.55585e-06 
142.371 1.77793e-06 1.77793e-06 
143.573 1.77793e-06 1.77793e-06 
144.774 1.77793e-06 1.77793e-06 
145.976 1.77793e-06 1.77793e-06 
147.177 0 0 
148.379 0 0 
149.58 3.55585e-06 3.55585e-06 
150.781 1.77793e-06 1.77793e-06 
151.983 1.77793e-06 1.77793e-06 
153.184 1.77793e-06 1.77793e-06 


