berea_128_21-1-Z/processor0	effPorosity= 0.20207 		K_z= 2.41139e-13 m^2 		FF_z= 19.2911 		DarcyVelocity= 1.02098e-06 m/s 		DelP= 1.0839 Pa 		K: 2.41139e-13 m^2 			K=( 0  0  2.41139e-13 ) Pmax-Pmin: 1.00991 Umax= 0.00013849		 effPorosity= V_pore/(L_x*L_y*L_z)= 3.39018e-12/(0.000256*0.000256*0.000256)= 0.20207		 Re=rho*VDarcy*sqrt(K)/mu= 1000*1.02098e-06*sqrt(2.41139e-13 )/0.001)= 5.01362e-07


x=mag(U)/U_D 	 PDF 	 dV/Vdx 	 PDF(log10(x)) 	 dV/Vd(log10(x))
1.87924e-14 8.769e+08 8.769e+08 3.79444e-05 3.79444e-05 
2.50243e-14 3.29261e+08 3.29261e+08 1.89722e-05 1.89722e-05 
3.33228e-14 2.47264e+08 2.47264e+08 1.89722e-05 1.89722e-05 
4.43733e-14 0 0 0 0 
5.90883e-14 0 0 0 0 
7.8683e-14 2.09436e+08 2.09436e+08 3.79444e-05 3.79444e-05 
1.04776e-13 7.86397e+07 7.86397e+07 1.89722e-05 1.89722e-05 
1.39521e-13 1.77167e+08 1.77167e+08 5.69166e-05 5.69166e-05 
1.85789e-13 1.77395e+08 1.77395e+08 7.58889e-05 7.58889e-05 
2.474e-13 3.33045e+07 3.33045e+07 1.89722e-05 1.89722e-05 
3.29443e-13 2.00084e+08 2.00084e+08 0.000151778 0.000151778 
4.38692e-13 1.12692e+08 1.12692e+08 0.000113833 0.000113833 
5.8417e-13 7.05234e+07 7.05234e+07 9.48611e-05 9.48611e-05 
7.77892e-13 1.27106e+08 1.27106e+08 0.000227667 0.000227667 
1.03585e-12 7.1589e+07 7.1589e+07 0.00017075 0.00017075 
1.37936e-12 2.03097e+08 2.03097e+08 0.000645055 0.000645055 
1.83678e-12 1.52519e+08 1.52519e+08 0.000645055 0.000645055 
2.4459e-12 8.42179e+07 8.42179e+07 0.000474305 0.000474305 
3.257e-12 1.2143e+08 1.2143e+08 0.000910666 0.000910666 
4.33708e-12 5.3194e+07 5.3194e+07 0.000531222 0.000531222 
5.77534e-12 3.13869e+07 3.13869e+07 0.000417389 0.000417389 
7.69054e-12 4.60695e+07 4.60695e+07 0.000815805 0.000815805 
1.02409e-11 2.09189e+07 2.09189e+07 0.000493278 0.000493278 
1.36369e-11 1.63136e+07 1.63136e+07 0.00051225 0.00051225 
1.81592e-11 1.2251e+07 1.2251e+07 0.00051225 0.00051225 
2.41811e-11 9.54079e+06 9.54079e+06 0.000531222 0.000531222 
3.22e-11 6.90892e+06 6.90892e+06 0.00051225 0.00051225 
4.28781e-11 4.61188e+06 4.61188e+06 0.000455333 0.000455333 
5.70973e-11 4.32921e+06 4.32921e+06 0.000569166 0.000569166 
7.60318e-11 3.25109e+06 3.25109e+06 0.000569166 0.000569166 
1.01245e-10 2.76698e+06 2.76698e+06 0.000645055 0.000645055 
1.3482e-10 2.07791e+06 2.07791e+06 0.000645055 0.000645055 
1.79529e-10 2.01939e+06 2.01939e+06 0.000834778 0.000834778 
2.39064e-10 1.5165e+06 1.5165e+06 0.000834778 0.000834778 
3.18342e-10 1.47531e+06 1.47531e+06 0.00108142 0.00108142 
4.2391e-10 1.39946e+06 1.39946e+06 0.001366 0.001366 
5.64486e-10 1.19691e+06 1.19691e+06 0.00155572 0.00155572 
7.5168e-10 1.07423e+06 1.07423e+06 0.00185928 0.00185928 
1.00095e-09 971341 971341 0.00223872 0.00223872 
1.33288e-09 661445 661445 0.00203003 0.00203003 
1.77489e-09 584926 584926 0.0023905 0.0023905 
2.36348e-09 397425 397425 0.00216283 0.00216283 
3.14725e-09 322015 322015 0.00233358 0.00233358 
4.19094e-09 308667 308667 0.00297864 0.00297864 
5.58073e-09 228846 228846 0.00294069 0.00294069 
7.43141e-09 158550 158550 0.00271303 0.00271303 
9.8958e-09 127392 127392 0.00290275 0.00290275 
1.31774e-08 93791.4 93791.4 0.00284583 0.00284583 
1.75473e-08 60103.8 60103.8 0.00242844 0.00242844 
2.33663e-08 43725.4 43725.4 0.00235255 0.00235255 
3.1115e-08 29129 29129 0.00208694 0.00208694 
4.14333e-08 18891.9 18891.9 0.00180236 0.00180236 
5.51733e-08 12992.5 12992.5 0.00165058 0.00165058 
7.34698e-08 8635.43 8635.43 0.00146086 0.00146086 
9.78338e-08 6737.57 6737.57 0.00151778 0.00151778 
1.30277e-07 4616.97 4616.97 0.00138497 0.00138497 
1.7348e-07 3277.2 3277.2 0.00130908 0.00130908 
2.31009e-07 3424.09 3424.09 0.00182133 0.00182133 
3.07615e-07 2464.24 2464.24 0.00174544 0.00174544 
4.09626e-07 1870.67 1870.67 0.00176442 0.00176442 
5.45466e-07 1510.55 1510.55 0.00189722 0.00189722 
7.26352e-07 1281.84 1281.84 0.00214386 0.00214386 
9.67223e-07 1073.36 1073.36 0.0023905 0.0023905 
1.28797e-06 748.483 748.483 0.00221975 0.00221975 
1.71509e-06 624.539 624.539 0.00246639 0.00246639 
2.28384e-06 537.555 537.555 0.00282686 0.00282686 
3.04121e-06 346.79 346.79 0.00242844 0.00242844 
4.04973e-06 297.05 297.05 0.00276994 0.00276994 
5.39269e-06 250.577 250.577 0.00311144 0.00311144 
7.181e-06 176.701 176.701 0.00292172 0.00292172 
9.56235e-06 147.344 147.344 0.00324425 0.00324425 
1.27334e-05 98.3561 98.3561 0.00288378 0.00288378 
1.6956e-05 79.2074 79.2074 0.00309247 0.00309247 
2.2579e-05 64.5909 64.5909 0.00335808 0.00335808 
3.00666e-05 51.246 51.246 0.0035478 0.0035478 
4.00372e-05 33.3391 33.3391 0.0030735 0.0030735 
5.33142e-05 30.9093 30.9093 0.00379444 0.00379444 
7.09942e-05 21.587 21.587 0.00352883 0.00352883 
9.45372e-05 19.9588 19.9588 0.00434464 0.00434464 
0.000125887 17.2138 17.2138 0.00498969 0.00498969 
0.000167634 13.1236 13.1236 0.00506558 0.00506558 
0.000223225 8.45271 8.45271 0.00434464 0.00434464 
0.00029725 8.75926 8.75926 0.00599522 0.00599522 
0.000395823 6.74444 6.74444 0.006147 0.006147 
0.000527086 6.22163 6.22163 0.00755094 0.00755094 
0.000701877 4.8131 4.8131 0.00777861 0.00777861 
0.000934632 4.00237 4.00237 0.00861339 0.00861339 
0.00124457 3.80671 3.80671 0.010909 0.010909 
0.0016573 2.97306 2.97306 0.0113454 0.0113454 
0.00220689 2.48655 2.48655 0.0126355 0.0126355 
0.00293873 2.09722 2.09722 0.0141912 0.0141912 
0.00391327 1.71601 1.71601 0.0154624 0.0154624 
0.00521098 1.4879 1.4879 0.0178529 0.0178529 
0.00693903 1.25747 1.25747 0.0200916 0.0200916 
0.00924015 1.10572 1.10572 0.0235255 0.0235255 
0.0123043 0.868528 0.868528 0.024607 0.024607 
0.0163847 0.750296 0.750296 0.0283065 0.0283065 
0.0218182 0.63671 0.63671 0.0319872 0.0319872 
0.0290535 0.552734 0.552734 0.0369768 0.0369768 
0.0386881 0.480041 0.480041 0.0427634 0.0427634 
0.0515178 0.414873 0.414873 0.0492139 0.0492139 
0.068602 0.37365 0.37365 0.0590226 0.0590226 
0.0913517 0.336069 0.336069 0.0706905 0.0706905 
0.121646 0.303109 0.303109 0.0849007 0.0849007 
0.161986 0.276405 0.276405 0.103095 0.103095 
0.215703 0.242102 0.242102 0.120246 0.120246 
0.287234 0.222286 0.222286 0.147016 0.147016 
0.382486 0.191487 0.191487 0.168644 0.168644 
0.509325 0.169636 0.169636 0.198943 0.198943 
0.678227 0.142783 0.142783 0.22298 0.22298 
0.903139 0.126147 0.126147 0.262329 0.262329 
1.20264 0.109003 0.109003 0.301848 0.301848 
1.60145 0.0925848 0.0925848 0.341405 0.341405 
2.13252 0.079512 0.079512 0.390429 0.390429 
2.83971 0.0667818 0.0667818 0.436665 0.436665 
3.78141 0.0563457 0.0563457 0.490603 0.490603 
5.03539 0.0459349 0.0459349 0.532588 0.532588 
6.70522 0.0346577 0.0346577 0.535092 0.535092 
8.92879 0.0260821 0.0260821 0.536231 0.536231 
11.8897 0.0199388 0.0199388 0.545869 0.545869 
15.8326 0.014441 0.014441 0.52646 0.52646 
21.083 0.0100154 0.0100154 0.486201 0.486201 
28.0745 0.00621637 0.00621637 0.401851 0.401851 
37.3845 0.00329608 0.00329608 0.283729 0.283729 
49.7819 0.0015348 0.0015348 0.175929 0.175929 
66.2905 0.000457403 0.000457403 0.0698178 0.0698178 
88.2736 0.00012405 0.00012405 0.0252141 0.0252141 
117.547 3.83424e-05 3.83424e-05 0.0103778 0.0103778 




x=U_x/U_D 	 PDF 	 dV/Vdx
-83.2625 4.3296e-06 4.3296e-06 
-82.1724 4.3296e-06 4.3296e-06 
-81.0824 6.49441e-06 6.49441e-06 
-79.9923 6.49441e-06 6.49441e-06 
-78.9022 1.0824e-05 1.0824e-05 
-77.8122 6.49441e-06 6.49441e-06 
-76.7221 1.73184e-05 1.73184e-05 
-75.6321 1.0824e-05 1.0824e-05 
-74.542 2.38128e-05 2.38128e-05 
-73.452 2.1648e-05 2.1648e-05 
-72.3619 2.59776e-05 2.59776e-05 
-71.2718 3.2472e-05 3.2472e-05 
-70.1818 3.46368e-05 3.46368e-05 
-69.0917 3.2472e-05 3.2472e-05 
-68.0017 3.46368e-05 3.46368e-05 
-66.9116 3.46368e-05 3.46368e-05 
-65.8216 5.84496e-05 5.84496e-05 
-64.7315 4.76256e-05 4.76256e-05 
-63.6414 4.97904e-05 4.97904e-05 
-62.5514 4.3296e-05 4.3296e-05 
-61.4613 4.76256e-05 4.76256e-05 
-60.3713 4.76256e-05 4.76256e-05 
-59.2812 7.14385e-05 7.14385e-05 
-58.1911 4.76256e-05 4.76256e-05 
-57.1011 8.87569e-05 8.87569e-05 
-56.011 7.36033e-05 7.36033e-05 
-54.921 0.000119064 0.000119064 
-53.8309 6.49441e-05 6.49441e-05 
-52.7409 9.30865e-05 9.30865e-05 
-51.6508 8.22625e-05 8.22625e-05 
-50.5607 9.95809e-05 9.95809e-05 
-49.4707 9.52513e-05 9.52513e-05 
-48.3806 0.000121229 0.000121229 
-47.2906 0.000119064 0.000119064 
-46.2005 0.000127723 0.000127723 
-45.1104 0.000129888 0.000129888 
-44.0204 0.000158031 0.000158031 
-42.9303 0.00016236 0.00016236 
-41.8403 0.000129888 0.000129888 
-40.7502 0.000196997 0.000196997 
-39.6602 0.000186173 0.000186173 
-38.5701 0.00022081 0.00022081 
-37.48 0.000238128 0.000238128 
-36.39 0.000281424 0.000281424 
-35.2999 0.000313896 0.000313896 
-34.2099 0.000313896 0.000313896 
-33.1198 0.0003875 0.0003875 
-32.0298 0.000422136 0.000422136 
-30.9397 0.000452444 0.000452444 
-29.8496 0.000448114 0.000448114 
-28.7596 0.000502234 0.000502234 
-27.6695 0.000517388 0.000517388 
-26.5795 0.000629957 0.000629957 
-25.4894 0.000627793 0.000627793 
-24.3993 0.000727373 0.000727373 
-23.3093 0.000740362 0.000740362 
-22.2192 0.000824789 0.000824789 
-21.1292 0.0010391 0.0010391 
-20.0391 0.0012794 0.0012794 
-18.9491 0.00144609 0.00144609 
-17.859 0.0015868 0.0015868 
-16.7689 0.00183792 0.00183792 
-15.6789 0.0020479 0.0020479 
-14.5888 0.00246571 0.00246571 
-13.4988 0.00271683 0.00271683 
-12.4087 0.0032472 0.0032472 
-11.3186 0.00378191 0.00378191 
-10.2286 0.00459804 0.00459804 
-9.13853 0.00577136 0.00577136 
-8.04848 0.00714818 0.00714818 
-6.95842 0.0091333 0.0091333 
-5.86836 0.0116207 0.0116207 
-4.7783 0.015816 0.015816 
-3.68824 0.02086 0.02086 
-2.59819 0.0287031 0.0287031 
-1.50813 0.0479265 0.0479265 
-0.41807 0.108013 0.108013 
0.671988 0.329418 0.329418 
1.76205 0.0803942 0.0803942 
2.8521 0.0440083 0.0440083 
3.94216 0.0304739 0.0304739 
5.03222 0.0225529 0.0225529 
6.12228 0.0175111 0.0175111 
7.21234 0.0147748 0.0147748 
8.30239 0.0127658 0.0127658 
9.39245 0.0108045 0.0108045 
10.4825 0.00915711 0.00915711 
11.5726 0.00830634 0.00830634 
12.6626 0.00712003 0.00712003 
13.7527 0.00614587 0.00614587 
14.8427 0.00502018 0.00502018 
15.9328 0.00439022 0.00439022 
17.0229 0.00366717 0.00366717 
18.1129 0.00300691 0.00300691 
19.203 0.00267569 0.00267569 
20.293 0.00230335 0.00230335 
21.3831 0.00192018 0.00192018 
22.4731 0.00165391 0.00165391 
23.5632 0.00129239 0.00129239 
24.6533 0.0010023 0.0010023 
25.7433 0.000805306 0.000805306 
26.8334 0.000729538 0.000729538 
27.9234 0.000593156 0.000593156 
29.0135 0.000565013 0.000565013 
30.1036 0.000409148 0.000409148 
31.1936 0.000346368 0.000346368 
32.2837 0.000300907 0.000300907 
33.3737 0.00027493 0.00027493 
34.4638 0.000240293 0.000240293 
35.5538 0.000196997 0.000196997 
36.6439 0.00016236 0.00016236 
37.734 0.000155866 0.000155866 
38.824 0.000129888 0.000129888 
39.9141 8.65921e-05 8.65921e-05 
41.0041 0.00011257 0.00011257 
42.0942 8.65921e-05 8.65921e-05 
43.1843 8.65921e-05 8.65921e-05 
44.2743 7.14385e-05 7.14385e-05 
45.3644 4.3296e-05 4.3296e-05 
46.4544 4.3296e-05 4.3296e-05 
47.5445 3.2472e-05 3.2472e-05 
48.6345 3.03072e-05 3.03072e-05 
49.7246 2.59776e-05 2.59776e-05 
50.8147 8.65921e-06 8.65921e-06 
51.9047 1.0824e-05 1.0824e-05 
52.9948 4.3296e-06 4.3296e-06 
54.0848 0 0 
55.1749 8.65921e-06 8.65921e-06 




x=U_y/U_D 	 PDF 	 dV/Vdx
-68.7135 1.64727e-06 1.64727e-06 
-67.281 3.29454e-06 3.29454e-06 
-65.8484 8.23636e-06 8.23636e-06 
-64.4159 1.15309e-05 1.15309e-05 
-62.9834 1.31782e-05 1.31782e-05 
-61.5509 3.29454e-06 3.29454e-06 
-60.1183 2.30618e-05 2.30618e-05 
-58.6858 2.80036e-05 2.80036e-05 
-57.2533 1.31782e-05 1.31782e-05 
-55.8208 2.30618e-05 2.30618e-05 
-54.3882 4.28291e-05 4.28291e-05 
-52.9557 3.95345e-05 3.95345e-05 
-51.5232 5.60072e-05 5.60072e-05 
-50.0907 5.60072e-05 5.60072e-05 
-48.6581 0.000105425 0.000105425 
-47.2256 0.000115309 0.000115309 
-45.7931 0.00016308 0.00016308 
-44.3605 0.000168022 0.000168022 
-42.928 0.000182847 0.000182847 
-41.4955 0.000204262 0.000204262 
-40.063 0.000200967 0.000200967 
-38.6304 0.000230618 0.000230618 
-37.1979 0.000276742 0.000276742 
-35.7654 0.000334396 0.000334396 
-34.3329 0.000340985 0.000340985 
-32.9003 0.000457941 0.000457941 
-31.4678 0.000499123 0.000499123 
-30.0353 0.000586429 0.000586429 
-28.6028 0.000861523 0.000861523 
-27.1702 0.000836814 0.000836814 
-25.7377 0.000922472 0.000922472 
-24.3052 0.00106578 0.00106578 
-22.8727 0.00116792 0.00116792 
-21.4401 0.00138536 0.00138536 
-20.0076 0.00163245 0.00163245 
-18.5751 0.00187954 0.00187954 
-17.1426 0.00223041 0.00223041 
-15.71 0.002746 0.002746 
-14.2775 0.00323689 0.00323689 
-12.845 0.00390239 0.00390239 
-11.4124 0.00505712 0.00505712 
-9.97992 0.00627116 0.00627116 
-8.5474 0.00828578 0.00828578 
-7.11487 0.011577 0.011577 
-5.68234 0.015822 0.015822 
-4.24982 0.0217588 0.0217588 
-2.81729 0.0311351 0.0311351 
-1.38476 0.052123 0.052123 
0.0477614 0.217035 0.217035 
1.48029 0.157046 0.157046 
2.91281 0.0481003 0.0481003 
4.34534 0.028198 0.028198 
5.77787 0.0175072 0.0175072 
7.21039 0.0121717 0.0121717 
8.64292 0.00931862 0.00931862 
10.0754 0.00712445 0.00712445 
11.508 0.00554307 0.00554307 
12.9405 0.00395016 0.00395016 
14.373 0.00297827 0.00297827 
15.8055 0.00215628 0.00215628 
17.2381 0.00148913 0.00148913 
18.6706 0.0012091 0.0012091 
20.1031 0.00091753 0.00091753 
21.5357 0.000800574 0.000800574 
22.9682 0.000686912 0.000686912 
24.4007 0.000505712 0.000505712 
25.8332 0.000476061 0.000476061 
27.2658 0.000339338 0.000339338 
28.6983 0.000263563 0.000263563 
30.1308 0.000281683 0.000281683 
31.5633 0.000212498 0.000212498 
32.9959 0.000186142 0.000186142 
34.4284 0.000153196 0.000153196 
35.8609 0.000149902 0.000149902 
37.2934 0.000116956 0.000116956 
38.726 0.000116956 0.000116956 
40.1585 0.00012684 0.00012684 
41.591 9.38945e-05 9.38945e-05 
43.0235 6.58909e-05 6.58909e-05 
44.4561 8.07163e-05 8.07163e-05 
45.8886 6.75381e-05 6.75381e-05 
47.3211 6.0949e-05 6.0949e-05 
48.7536 6.0949e-05 6.0949e-05 
50.1862 3.95345e-05 3.95345e-05 
51.6187 4.61236e-05 4.61236e-05 
53.0512 3.95345e-05 3.95345e-05 
54.4838 3.624e-05 3.624e-05 
55.9163 2.80036e-05 2.80036e-05 
57.3488 2.80036e-05 2.80036e-05 
58.7813 2.47091e-05 2.47091e-05 
60.2139 2.47091e-05 2.47091e-05 
61.6464 1.48254e-05 1.48254e-05 
63.0789 1.64727e-05 1.64727e-05 
64.5114 1.812e-05 1.812e-05 
65.944 1.31782e-05 1.31782e-05 
67.3765 1.64727e-06 1.64727e-06 
68.809 4.94181e-06 4.94181e-06 
70.2415 3.29454e-06 3.29454e-06 
71.6741 6.58909e-06 6.58909e-06 
73.1066 0 0 
74.5391 0 0 
75.9716 0 0 
77.4042 3.29454e-06 3.29454e-06 
78.8367 8.23636e-06 8.23636e-06 
80.2692 1.64727e-06 1.64727e-06 
81.7017 4.94181e-06 4.94181e-06 
83.1343 1.64727e-06 1.64727e-06 
84.5668 1.64727e-06 1.64727e-06 
85.9993 0 0 
87.4319 3.29454e-06 3.29454e-06 
88.8644 1.64727e-06 1.64727e-06 
90.2969 1.64727e-06 1.64727e-06 
91.7294 1.64727e-06 1.64727e-06 
93.162 0 0 
94.5945 1.64727e-06 1.64727e-06 
96.027 3.29454e-06 3.29454e-06 
97.4595 0 0 
98.8921 0 0 
100.325 1.64727e-06 1.64727e-06 
101.757 0 0 
103.19 3.29454e-06 3.29454e-06 
104.622 1.64727e-06 1.64727e-06 
106.055 0 0 
107.487 0 0 
108.92 0 0 
110.352 0 0 
111.785 1.64727e-06 1.64727e-06 
113.217 1.64727e-06 1.64727e-06 




x=U_z/U_D 	 PDF 	 dV/Vdx
-47.1497 1.84275e-06 1.84275e-06 
-45.8692 5.52826e-06 5.52826e-06 
-44.5886 7.37102e-06 7.37102e-06 
-43.308 1.10565e-05 1.10565e-05 
-42.0275 1.4742e-05 1.4742e-05 
-40.7469 2.02703e-05 2.02703e-05 
-39.4664 1.4742e-05 1.4742e-05 
-38.1858 7.37102e-06 7.37102e-06 
-36.9052 2.2113e-05 2.2113e-05 
-35.6247 2.57986e-05 2.57986e-05 
-34.3441 3.31696e-05 3.31696e-05 
-33.0636 2.57986e-05 2.57986e-05 
-31.783 2.57986e-05 2.57986e-05 
-30.5024 3.31696e-05 3.31696e-05 
-29.2219 2.94841e-05 2.94841e-05 
-27.9413 4.97544e-05 4.97544e-05 
-26.6607 3.68551e-05 3.68551e-05 
-25.3802 3.13268e-05 3.13268e-05 
-24.0996 4.42261e-05 4.42261e-05 
-22.8191 5.34399e-05 5.34399e-05 
-21.5385 7.73957e-05 7.73957e-05 
-20.2579 8.66094e-05 8.66094e-05 
-18.9774 0.000103194 0.000103194 
-17.6968 0.000110565 0.000110565 
-16.4163 9.7666e-05 9.7666e-05 
-15.1357 0.000103194 0.000103194 
-13.8551 0.000167691 0.000167691 
-12.5746 0.000182433 0.000182433 
-11.294 0.000140049 0.000140049 
-10.0134 0.000213759 0.000213759 
-8.73289 0.000289312 0.000289312 
-7.45233 0.00040172 0.00040172 
-6.17177 0.000530713 0.000530713 
-4.8912 0.000842139 0.000842139 
-3.61064 0.00120885 0.00120885 
-2.33008 0.00247482 0.00247482 
-1.04952 0.00682003 0.00682003 
0.231042 0.169216 0.169216 
1.5116 0.166568 0.166568 
2.79216 0.0847962 0.0847962 
4.07273 0.0599374 0.0599374 
5.35329 0.043618 0.043618 
6.63385 0.0326075 0.0326075 
7.91441 0.0268987 0.0268987 
9.19497 0.0230731 0.0230731 
10.4755 0.0198114 0.0198114 
11.7561 0.0166456 0.0166456 
13.0367 0.0136732 0.0136732 
14.3172 0.012035 0.012035 
15.5978 0.0106695 0.0106695 
16.8783 0.00958785 0.00958785 
18.1589 0.00866831 0.00866831 
19.4395 0.00731389 0.00731389 
20.72 0.00680529 0.00680529 
22.0006 0.00583047 0.00583047 
23.2811 0.00534399 0.00534399 
24.5617 0.00464743 0.00464743 
25.8423 0.00413883 0.00413883 
27.1228 0.00353072 0.00353072 
28.4034 0.00323588 0.00323588 
29.684 0.00284153 0.00284153 
30.9645 0.00275676 0.00275676 
32.2451 0.00237715 0.00237715 
33.5256 0.00212654 0.00212654 
34.8062 0.00184828 0.00184828 
36.0868 0.00183538 0.00183538 
37.3673 0.00159582 0.00159582 
38.6479 0.00145393 0.00145393 
39.9284 0.00121069 0.00121069 
41.209 0.00112039 0.00112039 
42.4896 0.00103931 0.00103931 
43.7701 0.000930591 0.000930591 
45.0507 0.0007629 0.0007629 
46.3313 0.000687347 0.000687347 
47.6118 0.00058231 0.00058231 
48.8924 0.000493858 0.000493858 
50.1729 0.000433047 0.000433047 
51.4535 0.000383293 0.000383293 
52.7341 0.000316954 0.000316954 
54.0146 0.000291155 0.000291155 
55.2952 0.000263514 0.000263514 
56.5757 0.000206388 0.000206388 
57.8563 0.000195332 0.000195332 
59.1369 0.000178747 0.000178747 
60.4174 0.000154791 0.000154791 
61.698 0.000112408 0.000112408 
62.9786 0.000119779 0.000119779 
64.2591 0.000112408 0.000112408 
65.5397 9.7666e-05 9.7666e-05 
66.8202 8.84522e-05 8.84522e-05 
68.1008 0.000105037 0.000105037 
69.3814 9.58232e-05 9.58232e-05 
70.6619 9.21377e-05 9.21377e-05 
71.9425 5.71254e-05 5.71254e-05 
73.223 5.89681e-05 5.89681e-05 
74.5036 6.08109e-05 6.08109e-05 
75.7842 6.44964e-05 6.44964e-05 
77.0647 6.26536e-05 6.26536e-05 
78.3453 5.15971e-05 5.15971e-05 
79.6258 5.34399e-05 5.34399e-05 
80.9064 5.52826e-05 5.52826e-05 
82.187 4.23833e-05 4.23833e-05 
83.4675 3.86978e-05 3.86978e-05 
84.7481 3.68551e-05 3.68551e-05 
86.0287 2.76413e-05 2.76413e-05 
87.3092 2.76413e-05 2.76413e-05 
88.5898 2.76413e-05 2.76413e-05 
89.8703 3.31696e-05 3.31696e-05 
91.1509 2.94841e-05 2.94841e-05 
92.4315 4.05406e-05 4.05406e-05 
93.712 2.76413e-05 2.76413e-05 
94.9926 2.76413e-05 2.76413e-05 
96.2731 1.84275e-05 1.84275e-05 
97.5537 2.02703e-05 2.02703e-05 
98.8343 2.02703e-05 2.02703e-05 
100.115 2.2113e-05 2.2113e-05 
101.395 1.4742e-05 1.4742e-05 
102.676 9.21377e-06 9.21377e-06 
103.957 1.10565e-05 1.10565e-05 
105.237 3.68551e-06 3.68551e-06 
106.518 1.28993e-05 1.28993e-05 
107.798 5.52826e-06 5.52826e-06 
109.079 5.52826e-06 5.52826e-06 
110.359 7.37102e-06 7.37102e-06 
111.64 7.37102e-06 7.37102e-06 
112.92 3.68551e-06 3.68551e-06 
114.201 7.37102e-06 7.37102e-06 
115.482 7.37102e-06 7.37102e-06 




x=mag(U)/U_D 	 PDF 	 dV/Vdx
0.529859 0.17527 0.17527 
1.58958 0.127906 0.127906 
2.6493 0.0853636 0.0853636 
3.70901 0.0662935 0.0662935 
4.76873 0.0548233 0.0548233 
5.82845 0.0435937 0.0435937 
6.88817 0.0369623 0.0369623 
7.94789 0.0318407 0.0318407 
9.00761 0.0271177 0.0271177 
10.0673 0.0243454 0.0243454 
11.127 0.0224548 0.0224548 
12.1868 0.0206066 0.0206066 
13.2465 0.0180948 0.0180948 
14.3062 0.0166207 0.0166207 
15.3659 0.0155051 0.0155051 
16.4256 0.0140799 0.0140799 
17.4854 0.0132449 0.0132449 
18.5451 0.0118376 0.0118376 
19.6048 0.0107153 0.0107153 
20.6645 0.00987354 0.00987354 
21.7242 0.0092879 0.0092879 
22.7839 0.00845731 0.00845731 
23.8437 0.00778037 0.00778037 
24.9034 0.00715687 0.00715687 
25.9631 0.00649329 0.00649329 
27.0228 0.00630401 0.00630401 
28.0825 0.00532646 0.00532646 
29.1423 0.00512159 0.00512159 
30.202 0.00464729 0.00464729 
31.2617 0.00417744 0.00417744 
32.3214 0.00395699 0.00395699 
33.3811 0.00370313 0.00370313 
34.4408 0.00335576 0.00335576 
35.5006 0.00303065 0.00303065 
36.5603 0.00306182 0.00306182 
37.62 0.00286364 0.00286364 
38.6797 0.00252517 0.00252517 
39.7394 0.00241606 0.00241606 
40.7992 0.00220006 0.00220006 
41.8589 0.00209317 0.00209317 
42.9186 0.00197515 0.00197515 
43.9783 0.00177252 0.00177252 
45.038 0.00157211 0.00157211 
46.0977 0.00147413 0.00147413 
47.1575 0.00126704 0.00126704 
48.2172 0.00119133 0.00119133 
49.2769 0.0010065 0.0010065 
50.3366 0.00098869 0.00098869 
51.3963 0.000870671 0.000870671 
52.4561 0.000848403 0.000848403 
53.5158 0.000754878 0.000754878 
54.5755 0.000714796 0.000714796 
55.6352 0.000543334 0.000543334 
56.6949 0.000561149 0.000561149 
57.7547 0.00051884 0.00051884 
58.8144 0.000514386 0.000514386 
59.8741 0.00045649 0.00045649 
60.9338 0.000342924 0.000342924 
61.9935 0.000411954 0.000411954 
63.0532 0.000311749 0.000311749 
64.113 0.000329563 0.000329563 
65.1727 0.000311749 0.000311749 
66.2324 0.000213771 0.000213771 
67.2921 0.000215998 0.000215998 
68.3518 0.00020041 0.00020041 
69.4116 0.000184823 0.000184823 
70.4713 0.000209317 0.000209317 
71.531 0.000189276 0.000189276 
72.5907 0.000198183 0.000198183 
73.6504 0.000184823 0.000184823 
74.7101 0.000151421 0.000151421 
75.7699 0.000144741 0.000144741 
76.8296 0.000126926 0.000126926 
77.8893 0.000142514 0.000142514 
78.949 0.000113566 0.000113566 
80.0087 0.000109112 0.000109112 
81.0685 0.000120246 0.000120246 
82.1282 0.000120246 0.000120246 
83.1879 9.1298e-05 9.1298e-05 
84.2476 9.79783e-05 9.79783e-05 
85.3073 0.000126926 0.000126926 
86.367 7.79373e-05 7.79373e-05 
87.4268 0.000102432 0.000102432 
88.4865 8.46176e-05 8.46176e-05 
89.5462 7.1257e-05 7.1257e-05 
90.6059 7.79373e-05 7.79373e-05 
91.6656 8.01641e-05 8.01641e-05 
92.7254 9.35248e-05 9.35248e-05 
93.7851 4.23088e-05 4.23088e-05 
94.8448 5.12159e-05 5.12159e-05 
95.9045 4.45356e-05 4.45356e-05 
96.9642 6.01231e-05 6.01231e-05 
98.0239 3.78553e-05 3.78553e-05 
99.0837 5.34427e-05 5.34427e-05 
100.143 4.67624e-05 4.67624e-05 
101.203 3.78553e-05 3.78553e-05 
102.263 4.67624e-05 4.67624e-05 
103.323 2.67214e-05 2.67214e-05 
104.382 3.78553e-05 3.78553e-05 
105.442 3.34017e-05 3.34017e-05 
106.502 2.89481e-05 2.89481e-05 
107.561 1.33607e-05 1.33607e-05 
108.621 2.89481e-05 2.89481e-05 
109.681 2.67214e-05 2.67214e-05 
110.741 3.56285e-05 3.56285e-05 
111.8 2.0041e-05 2.0041e-05 
112.86 3.11749e-05 3.11749e-05 
113.92 2.22678e-06 2.22678e-06 
114.979 1.33607e-05 1.33607e-05 
116.039 8.90712e-06 8.90712e-06 
117.099 2.22678e-05 2.22678e-05 
118.159 2.67214e-05 2.67214e-05 
119.218 6.68034e-06 6.68034e-06 
120.278 4.45356e-06 4.45356e-06 
121.338 1.55875e-05 1.55875e-05 
122.397 1.78142e-05 1.78142e-05 
123.457 2.22678e-06 2.22678e-06 
124.517 6.68034e-06 6.68034e-06 
125.577 4.45356e-06 4.45356e-06 
126.636 8.90712e-06 8.90712e-06 
127.696 6.68034e-06 6.68034e-06 
128.756 2.22678e-06 2.22678e-06 
129.816 6.68034e-06 6.68034e-06 
130.875 0 0 
131.935 0 0 
132.995 2.22678e-06 2.22678e-06 
134.054 6.68034e-06 6.68034e-06 
135.114 2.22678e-06 2.22678e-06 


