ketton_flow_sub7-1-Y/processor0	effPorosity= 0.142055 		K_y= 1.94213e-13 m^2 		FF_y= 31.0099 		DarcyVelocity= 7.58643e-07 m/s 		DelP= 1 Pa 		K: 1.94213e-13 m^2 			K=( 0  1.94213e-13  0 ) Pmax-Pmin: 1.00429 Umax= 0.00017798		 effPorosity= V_pore/(L_x*L_y*L_z)= 2.38329e-12/(0.000256*0.000256*0.000256)= 0.142055		 Re=rho*VDarcy*sqrt(K)/mu= 1000*7.58643e-07*sqrt(1.94213e-13 )/0.001)= 3.34331e-07


x=mag(U)/U_D 	 PDF 	 dV/Vdx 	 PDF(log10(x)) 	 dV/Vd(log10(x))
6.22488e-13 2.04848e+07 2.04848e+07 2.93616e-05 2.93616e-05 
8.09943e-13 0 0 0 0 
1.05385e-12 0 0 0 0 
1.3712e-12 0 0 0 0 
1.78412e-12 7.14726e+06 7.14726e+06 2.93616e-05 2.93616e-05 
2.32138e-12 2.19723e+07 2.19723e+07 0.000117446 0.000117446 
3.02044e-12 1.6887e+07 1.6887e+07 0.000117446 0.000117446 
3.93001e-12 3.24467e+06 3.24467e+06 2.93616e-05 2.93616e-05 
5.11348e-12 7.48115e+06 7.48115e+06 8.80847e-05 8.80847e-05 
6.65334e-12 1.91657e+06 1.91657e+06 2.93616e-05 2.93616e-05 
8.65691e-12 0 0 0 0 
1.12638e-11 4.52832e+06 4.52832e+06 0.000117446 0.000117446 
1.46558e-11 5.22042e+06 5.22042e+06 0.000176169 0.000176169 
1.90692e-11 1.3374e+06 1.3374e+06 5.87231e-05 5.87231e-05 
2.48116e-11 3.08361e+06 3.08361e+06 0.000176169 0.000176169 
3.22834e-11 3.5549e+06 3.5549e+06 0.000264254 0.000264254 
4.20051e-11 3.64286e+06 3.64286e+06 0.000352339 0.000352339 
5.46544e-11 2.09981e+06 2.09981e+06 0.000264254 0.000264254 
7.11129e-11 717258 717258 0.000117446 0.000117446 
9.25276e-11 1.65376e+06 1.65376e+06 0.000352339 0.000352339 
1.20391e-10 1.27101e+06 1.27101e+06 0.000352339 0.000352339 
1.56645e-10 569828 569828 0.000205531 0.000205531 
2.03817e-10 437946 437946 0.000205531 0.000205531 
2.65194e-10 528923 528923 0.000322977 0.000322977 
3.45054e-10 369553 369553 0.000293616 0.000293616 
4.48963e-10 539643 539643 0.00055787 0.00055787 
5.84162e-10 567549 567549 0.000763401 0.000763401 
7.60075e-10 301981 301981 0.000528508 0.000528508 
9.88963e-10 296559 296559 0.000675316 0.000675316 
1.28678e-09 227923 227923 0.000675316 0.000675316 
1.67427e-09 335112 335112 0.00129191 0.00129191 
2.17846e-09 239993 239993 0.00120382 0.00120382 
2.83447e-09 179950 179950 0.00117446 0.00117446 
3.68804e-09 186707 186707 0.00158552 0.00158552 
4.79865e-09 116922 116922 0.00129191 0.00129191 
6.2437e-09 130708 130708 0.00187914 0.00187914 
8.12391e-09 92608.4 92608.4 0.00173233 0.00173233 
1.05703e-08 71175 71175 0.00173233 0.00173233 
1.37534e-08 71390.9 71390.9 0.00226084 0.00226084 
1.78951e-08 66981.8 66981.8 0.00275999 0.00275999 
2.3284e-08 48741.1 48741.1 0.00261318 0.00261318 
3.02957e-08 38302.2 38302.2 0.0026719 0.0026719 
3.94189e-08 30084.5 30084.5 0.00273063 0.00273063 
5.12894e-08 28342.7 28342.7 0.00334722 0.00334722 
6.67345e-08 18343.6 18343.6 0.00281871 0.00281871 
8.68308e-08 13363.8 13363.8 0.0026719 0.0026719 
1.12979e-07 10496.6 10496.6 0.00273063 0.00273063 
1.47001e-07 7807.03 7807.03 0.00264254 0.00264254 
1.91268e-07 6466.84 6466.84 0.00284807 0.00284807 
2.48866e-07 4304.04 4304.04 0.00246637 0.00246637 
3.23809e-07 3977.37 3977.37 0.00296552 0.00296552 
4.21321e-07 2421.26 2421.26 0.00234893 0.00234893 
5.48196e-07 1209.57 1209.57 0.0015268 0.0015268 
7.13278e-07 911.748 911.748 0.00149744 0.00149744 
9.28073e-07 673.252 673.252 0.00143872 0.00143872 
1.20755e-06 527.993 527.993 0.00146808 0.00146808 
1.57119e-06 340.867 340.867 0.00123319 0.00123319 
2.04433e-06 212.076 212.076 0.000998293 0.000998293 
2.65996e-06 201.344 201.344 0.00123319 0.00123319 
3.46097e-06 198.957 198.957 0.00158552 0.00158552 
4.5032e-06 101.94 101.94 0.00105702 0.00105702 
5.85928e-06 104.463 104.463 0.00140936 0.00140936 
7.62373e-06 100.357 100.357 0.00176169 0.00176169 
9.91952e-06 68.1316 68.1316 0.00155616 0.00155616 
1.29067e-05 44.4593 44.4593 0.00132127 0.00132127 
1.67933e-05 51.634 51.634 0.00199659 0.00199659 
2.18504e-05 40.2673 40.2673 0.00202595 0.00202595 
2.84304e-05 34.0874 34.0874 0.00223148 0.00223148 
3.69919e-05 28.6111 28.6111 0.00243701 0.00243701 
4.81315e-05 24.9036 24.9036 0.00275999 0.00275999 
6.26257e-05 18.1218 18.1218 0.00261318 0.00261318 
8.14847e-05 16.4315 16.4315 0.00308296 0.00308296 
0.000106023 11.1853 11.1853 0.00273063 0.00273063 
0.00013795 10.7226 10.7226 0.00340594 0.00340594 
0.000179492 8.66718 8.66718 0.00358211 0.00358211 
0.000233544 6.82504 6.82504 0.0036702 0.0036702 
0.000303873 7.21772 7.21772 0.00505019 0.00505019 
0.00039538 6.03101 6.03101 0.00549061 0.00549061 
0.000514444 5.3788 5.3788 0.00637146 0.00637146 
0.000669362 4.95308 4.95308 0.00763401 0.00763401 
0.000870932 4.17277 4.17277 0.00836805 0.00836805 
0.0011332 3.81466 3.81466 0.00995357 0.00995357 
0.00147445 3.29502 3.29502 0.0111868 0.0111868 
0.00191846 2.7584 2.7584 0.0121851 0.0121851 
0.00249619 2.30901 2.30901 0.0132714 0.0132714 
0.00324788 1.91595 1.91595 0.0143284 0.0143284 
0.00422594 1.71693 1.71693 0.0167067 0.0167067 
0.00549853 1.46566 1.46566 0.0185565 0.0185565 
0.00715434 1.24408 1.24408 0.0204944 0.0204944 
0.00930878 1.00272 1.00272 0.0214927 0.0214927 
0.012112 0.909623 0.909623 0.0253684 0.0253684 
0.0157594 0.826942 0.826942 0.0300075 0.0300075 
0.0205051 0.690278 0.690278 0.0325913 0.0325913 
0.02668 0.62563 0.62563 0.0384343 0.0384343 
0.0347143 0.593236 0.593236 0.0474189 0.0474189 
0.0451681 0.524539 0.524539 0.0545538 0.0545538 
0.0587699 0.471268 0.471268 0.0637733 0.0637733 
0.0764677 0.420229 0.420229 0.0739911 0.0739911 
0.099495 0.367058 0.367058 0.0840915 0.0840915 
0.129457 0.327121 0.327121 0.0975098 0.0975098 
0.168441 0.302133 0.302133 0.117182 0.117182 
0.219165 0.271712 0.271712 0.137119 0.137119 
0.285164 0.23673 0.23673 0.15544 0.15544 
0.371037 0.212562 0.212562 0.181601 0.181601 
0.48277 0.19147 0.19147 0.212842 0.212842 
0.62815 0.169101 0.169101 0.244582 0.244582 
0.81731 0.136033 0.136033 0.256004 0.256004 
1.06343 0.11925 0.11925 0.292001 0.292001 
1.38367 0.101309 0.101309 0.322772 0.322772 
1.80035 0.0883584 0.0883584 0.366286 0.366286 
2.3425 0.0762427 0.0762427 0.411238 0.411238 
3.04791 0.0645546 0.0645546 0.453049 0.453049 
3.96575 0.0529966 0.0529966 0.483937 0.483937 
5.15999 0.0431108 0.0431108 0.512213 0.512213 
6.71385 0.033834 0.033834 0.523047 0.523047 
8.73565 0.0273142 0.0273142 0.549414 0.549414 
11.3663 0.0209847 0.0209847 0.549208 0.549208 
14.7891 0.0133292 0.0133292 0.4539 0.4539 
19.2426 0.00900174 0.00900174 0.398848 0.398848 
25.0373 0.00557584 0.00557584 0.32145 0.32145 
32.577 0.00353382 0.00353382 0.265076 0.265076 
42.3871 0.00202071 0.00202071 0.197222 0.197222 
55.1515 0.00133547 0.00133547 0.169592 0.169592 
71.7597 0.00078205 0.00078205 0.12922 0.12922 
93.3692 0.000459973 0.000459973 0.0988898 0.0988898 
121.486 0.000273324 0.000273324 0.0764575 0.0764575 
158.07 9.48683e-05 9.48683e-05 0.0345292 0.0345292 
205.671 2.08939e-05 2.08939e-05 0.00989485 0.00989485 




x=U_x/U_D 	 PDF 	 dV/Vdx
-99.5643 3.74446e-06 3.74446e-06 
-97.7714 3.74446e-06 3.74446e-06 
-95.9785 5.6167e-06 5.6167e-06 
-94.1856 2.05946e-05 2.05946e-05 
-92.3927 1.87223e-05 1.87223e-05 
-90.5998 5.6167e-06 5.6167e-06 
-88.8069 2.62112e-05 2.62112e-05 
-87.014 1.68501e-05 1.68501e-05 
-85.2211 1.49779e-05 1.49779e-05 
-83.4282 2.24668e-05 2.24668e-05 
-81.6353 2.80835e-05 2.80835e-05 
-79.8425 2.99557e-05 2.99557e-05 
-78.0496 3.55724e-05 3.55724e-05 
-76.2567 1.87223e-05 1.87223e-05 
-74.4638 4.30613e-05 4.30613e-05 
-72.6709 2.4339e-05 2.4339e-05 
-70.878 4.30613e-05 4.30613e-05 
-69.0851 3.37002e-05 3.37002e-05 
-67.2922 4.49336e-05 4.49336e-05 
-65.4993 8.42504e-05 8.42504e-05 
-63.7064 0.000102973 0.000102973 
-61.9135 0.000112334 0.000112334 
-60.1207 0.000131056 0.000131056 
-58.3278 0.000140417 0.000140417 
-56.5349 0.000174118 0.000174118 
-54.742 0.00015914 0.00015914 
-52.9491 0.000228412 0.000228412 
-51.1562 0.000230285 0.000230285 
-49.3633 0.000256496 0.000256496 
-47.5704 0.000271474 0.000271474 
-45.7775 0.000267729 0.000267729 
-43.9846 0.00036883 0.00036883 
-42.1917 0.000363213 0.000363213 
-40.3989 0.000411891 0.000411891 
-38.606 0.000449336 0.000449336 
-36.8131 0.000512992 0.000512992 
-35.0202 0.000550436 0.000550436 
-33.2273 0.000617837 0.000617837 
-31.4344 0.000756382 0.000756382 
-29.6415 0.000775104 0.000775104 
-27.8486 0.000898671 0.000898671 
-26.0557 0.000999772 0.000999772 
-24.2628 0.00120759 0.00120759 
-22.4699 0.0014697 0.0014697 
-20.6771 0.00173556 0.00173556 
-18.8842 0.00185538 0.00185538 
-17.0913 0.00216617 0.00216617 
-15.2984 0.00245262 0.00245262 
-13.5055 0.00306297 0.00306297 
-11.7126 0.00389237 0.00389237 
-9.91971 0.00557925 0.00557925 
-8.12682 0.00753386 0.00753386 
-6.33393 0.0105145 0.0105145 
-4.54104 0.0162173 0.0162173 
-2.74815 0.0326779 0.0326779 
-0.95526 0.0699728 0.0699728 
0.837631 0.248769 0.248769 
2.63052 0.0477007 0.0477007 
4.42341 0.0245019 0.0245019 
6.2163 0.016309 0.016309 
8.00919 0.0119411 0.0119411 
9.80208 0.00897735 0.00897735 
11.595 0.00675688 0.00675688 
13.3879 0.00487904 0.00487904 
15.1808 0.00351418 0.00351418 
16.9736 0.00248632 0.00248632 
18.7665 0.00164382 0.00164382 
20.5594 0.00124878 0.00124878 
22.3523 0.00101475 0.00101475 
24.1452 0.000859354 0.000859354 
25.9381 0.000702087 0.000702087 
27.731 0.000688981 0.000688981 
29.5239 0.000552308 0.000552308 
31.3168 0.000496141 0.000496141 
33.1097 0.000484908 0.000484908 
34.9026 0.000366957 0.000366957 
36.6954 0.000323896 0.000323896 
38.4883 0.000290196 0.000290196 
40.2812 0.000263985 0.000263985 
42.0741 0.000262112 0.000262112 
43.867 0.000249007 0.000249007 
45.6599 0.000183479 0.000183479 
47.4528 0.000181606 0.000181606 
49.2457 0.000174118 0.000174118 
51.0386 0.000189095 0.000189095 
52.8315 0.000144162 0.000144162 
54.6244 0.000161012 0.000161012 
56.4172 0.000155395 0.000155395 
58.2101 0.000131056 0.000131056 
60.003 0.000140417 0.000140417 
61.7959 0.000101101 0.000101101 
63.5888 0.000106717 0.000106717 
65.3817 8.61227e-05 8.61227e-05 
67.1746 0.000108589 0.000108589 
68.9675 8.23782e-05 8.23782e-05 
70.7604 9.73561e-05 9.73561e-05 
72.5533 7.67615e-05 7.67615e-05 
74.3462 8.0506e-05 8.0506e-05 
76.139 8.23782e-05 8.23782e-05 
77.9319 5.99114e-05 5.99114e-05 
79.7248 5.80392e-05 5.80392e-05 
81.5177 6.92726e-05 6.92726e-05 
83.3106 5.6167e-05 5.6167e-05 
85.1035 6.55281e-05 6.55281e-05 
86.8964 2.80835e-05 2.80835e-05 
88.6893 4.30613e-05 4.30613e-05 
90.4822 3.55724e-05 3.55724e-05 
92.2751 1.68501e-05 1.68501e-05 
94.0679 1.87223e-05 1.87223e-05 
95.8608 7.48893e-06 7.48893e-06 
97.6537 1.31056e-05 1.31056e-05 
99.4466 5.6167e-06 5.6167e-06 
101.24 5.6167e-06 5.6167e-06 
103.032 5.6167e-06 5.6167e-06 
104.825 1.87223e-06 1.87223e-06 
106.618 9.36116e-06 9.36116e-06 
108.411 1.31056e-05 1.31056e-05 
110.204 7.48893e-06 7.48893e-06 
111.997 3.74446e-06 3.74446e-06 
113.79 1.87223e-06 1.87223e-06 
115.583 7.48893e-06 7.48893e-06 
117.376 0 0 
119.168 7.48893e-06 7.48893e-06 
120.961 0 0 
122.754 5.6167e-06 5.6167e-06 
124.547 0 0 
126.34 3.74446e-06 3.74446e-06 
128.133 1.87223e-06 1.87223e-06 




x=U_y/U_D 	 PDF 	 dV/Vdx
-25.1545 1.80487e-06 1.80487e-06 
-23.2947 5.4146e-06 5.4146e-06 
-21.4349 5.4146e-06 5.4146e-06 
-19.575 2.16584e-05 2.16584e-05 
-17.7152 1.62438e-05 1.62438e-05 
-15.8554 3.06827e-05 3.06827e-05 
-13.9956 3.60973e-05 3.60973e-05 
-12.1358 3.9707e-05 3.9707e-05 
-10.276 7.03898e-05 7.03898e-05 
-8.41619 0.000102877 0.000102877 
-6.55638 0.000245462 0.000245462 
-4.69657 0.000873555 0.000873555 
-2.83676 0.00196008 0.00196008 
-0.976946 0.00582791 0.00582791 
0.882865 0.193965 0.193965 
2.74267 0.0994553 0.0994553 
4.60248 0.0538048 0.0538048 
6.46229 0.0356804 0.0356804 
8.3221 0.0276235 0.0276235 
10.1819 0.0197182 0.0197182 
12.0417 0.0138848 0.0138848 
13.9015 0.00997369 0.00997369 
15.7613 0.00800097 0.00800097 
17.6212 0.0066022 0.0066022 
19.481 0.00564742 0.00564742 
21.3408 0.00501933 0.00501933 
23.2006 0.00436416 0.00436416 
25.0604 0.00406997 0.00406997 
26.9202 0.00355919 0.00355919 
28.78 0.00295637 0.00295637 
30.6398 0.00246725 0.00246725 
32.4996 0.00219833 0.00219833 
34.3594 0.0018554 0.0018554 
36.2193 0.00181389 0.00181389 
38.0791 0.00160814 0.00160814 
39.9389 0.00155218 0.00155218 
41.7987 0.00129048 0.00129048 
43.6585 0.00123272 0.00123272 
45.5183 0.00109916 0.00109916 
47.3781 0.00101072 0.00101072 
49.2379 0.000972823 0.000972823 
51.0977 0.000846482 0.000846482 
52.9575 0.000839262 0.000839262 
54.8174 0.000785117 0.000785117 
56.6772 0.000745409 0.000745409 
58.537 0.000700288 0.000700288 
60.3968 0.000691264 0.000691264 
62.2566 0.000628093 0.000628093 
64.1164 0.000557703 0.000557703 
65.9762 0.000489119 0.000489119 
67.836 0.00053424 0.00053424 
69.6958 0.000483704 0.000483704 
71.5556 0.000528826 0.000528826 
73.4155 0.000445802 0.000445802 
75.2753 0.000440387 0.000440387 
77.1351 0.000454826 0.000454826 
78.9949 0.000398875 0.000398875 
80.8547 0.000456631 0.000456631 
82.7145 0.000377217 0.000377217 
84.5743 0.000406095 0.000406095 
86.4341 0.000379022 0.000379022 
88.2939 0.000359168 0.000359168 
90.1537 0.000391656 0.000391656 
92.0136 0.00034112 0.00034112 
93.8734 0.000346534 0.000346534 
95.7332 0.000355559 0.000355559 
97.593 0.000332095 0.000332095 
99.4528 0.000359168 0.000359168 
101.313 0.000315851 0.000315851 
103.172 0.000308632 0.000308632 
105.032 0.000243657 0.000243657 
106.892 0.000227413 0.000227413 
108.752 0.000212974 0.000212974 
110.612 0.000178682 0.000178682 
112.471 0.000167852 0.000167852 
114.331 0.000173267 0.000173267 
116.191 0.000169657 0.000169657 
118.051 0.000149804 0.000149804 
119.911 0.000113707 0.000113707 
121.771 8.66335e-05 8.66335e-05 
123.63 8.48287e-05 8.48287e-05 
125.49 6.31703e-05 6.31703e-05 
127.35 5.77557e-05 5.77557e-05 
129.21 3.79022e-05 3.79022e-05 
131.07 3.60973e-05 3.60973e-05 
132.929 3.06827e-05 3.06827e-05 
134.789 3.9707e-05 3.9707e-05 
136.649 3.42924e-05 3.42924e-05 
138.509 2.16584e-05 2.16584e-05 
140.369 2.34633e-05 2.34633e-05 
142.228 3.42924e-05 3.42924e-05 
144.088 1.62438e-05 1.62438e-05 
145.948 2.16584e-05 2.16584e-05 
147.808 2.88778e-05 2.88778e-05 
149.668 3.60973e-05 3.60973e-05 
151.527 1.80487e-05 1.80487e-05 
153.387 1.98535e-05 1.98535e-05 
155.247 2.16584e-05 2.16584e-05 
157.107 2.16584e-05 2.16584e-05 
158.967 2.7073e-05 2.7073e-05 
160.827 1.80487e-05 1.80487e-05 
162.686 2.16584e-05 2.16584e-05 
164.546 1.98535e-05 1.98535e-05 
166.406 2.34633e-05 2.34633e-05 
168.266 1.62438e-05 1.62438e-05 
170.126 2.34633e-05 2.34633e-05 
171.985 1.98535e-05 1.98535e-05 
173.845 1.26341e-05 1.26341e-05 
175.705 1.08292e-05 1.08292e-05 
177.565 3.60973e-06 3.60973e-06 
179.425 1.62438e-05 1.62438e-05 
181.284 1.26341e-05 1.26341e-05 
183.144 1.44389e-05 1.44389e-05 
185.004 7.21946e-06 7.21946e-06 
186.864 1.08292e-05 1.08292e-05 
188.724 1.26341e-05 1.26341e-05 
190.583 7.21946e-06 7.21946e-06 
192.443 9.02433e-06 9.02433e-06 
194.303 1.26341e-05 1.26341e-05 
196.163 1.44389e-05 1.44389e-05 
198.023 5.4146e-06 5.4146e-06 
199.883 5.4146e-06 5.4146e-06 
201.742 5.4146e-06 5.4146e-06 
203.602 9.02433e-06 9.02433e-06 
205.462 5.4146e-06 5.4146e-06 
207.322 3.60973e-06 3.60973e-06 
209.182 1.80487e-06 1.80487e-06 
211.041 5.4146e-06 5.4146e-06 




x=U_z/U_D 	 PDF 	 dV/Vdx
-148.82 3.37326e-06 3.37326e-06 
-146.83 0 0 
-144.839 1.68663e-06 1.68663e-06 
-142.849 0 0 
-140.859 3.37326e-06 3.37326e-06 
-138.869 6.74652e-06 6.74652e-06 
-136.879 1.68663e-06 1.68663e-06 
-134.888 6.74652e-06 6.74652e-06 
-132.898 8.43315e-06 8.43315e-06 
-130.908 5.05989e-06 5.05989e-06 
-128.918 1.01198e-05 1.01198e-05 
-126.928 8.43315e-06 8.43315e-06 
-124.938 3.37326e-06 3.37326e-06 
-122.947 1.01198e-05 1.01198e-05 
-120.957 5.05989e-06 5.05989e-06 
-118.967 6.74652e-06 6.74652e-06 
-116.977 3.37326e-06 3.37326e-06 
-114.987 1.01198e-05 1.01198e-05 
-112.996 5.05989e-06 5.05989e-06 
-111.006 1.3493e-05 1.3493e-05 
-109.016 1.01198e-05 1.01198e-05 
-107.026 1.3493e-05 1.3493e-05 
-105.036 2.02395e-05 2.02395e-05 
-103.046 1.68663e-05 1.68663e-05 
-101.055 2.19262e-05 2.19262e-05 
-99.0651 1.01198e-05 1.01198e-05 
-97.0749 1.85529e-05 1.85529e-05 
-95.0848 1.68663e-05 1.68663e-05 
-93.0946 2.36128e-05 2.36128e-05 
-91.1044 3.54192e-05 3.54192e-05 
-89.1142 3.03593e-05 3.03593e-05 
-87.124 1.51797e-05 1.51797e-05 
-85.1338 2.19262e-05 2.19262e-05 
-83.1436 3.03593e-05 3.03593e-05 
-81.1534 5.05989e-05 5.05989e-05 
-79.1633 3.87925e-05 3.87925e-05 
-77.1731 3.37326e-05 3.37326e-05 
-75.1829 3.37326e-05 3.37326e-05 
-73.1927 5.56588e-05 5.56588e-05 
-71.2025 4.89122e-05 4.89122e-05 
-69.2123 7.08384e-05 7.08384e-05 
-67.2221 7.08384e-05 7.08384e-05 
-65.232 9.44512e-05 9.44512e-05 
-63.2418 0.000114691 0.000114691 
-61.2516 0.000111318 0.000111318 
-59.2614 0.000104571 0.000104571 
-57.2712 0.000124811 0.000124811 
-55.281 0.000192276 0.000192276 
-53.2908 0.00014505 0.00014505 
-51.3006 0.000182156 0.000182156 
-49.3105 0.000173723 0.000173723 
-47.3203 0.000210829 0.000210829 
-45.3301 0.000247934 0.000247934 
-43.3399 0.000340699 0.000340699 
-41.3497 0.000416597 0.000416597 
-39.3595 0.000603813 0.000603813 
-37.3693 0.000696578 0.000696578 
-35.3791 0.000672965 0.000672965 
-33.389 0.000696578 0.000696578 
-31.3988 0.000774163 0.000774163 
-29.4086 0.000907406 0.000907406 
-27.4184 0.00107776 0.00107776 
-25.4282 0.00126835 0.00126835 
-23.438 0.00136786 0.00136786 
-21.4478 0.0016276 0.0016276 
-19.4576 0.0017659 0.0017659 
-17.4675 0.00216563 0.00216563 
-15.4773 0.00272728 0.00272728 
-13.4871 0.0032923 0.0032923 
-11.4969 0.00422163 0.00422163 
-9.50671 0.00544444 0.00544444 
-7.51653 0.00779729 0.00779729 
-5.52634 0.0124203 0.0124203 
-3.53615 0.0192377 0.0192377 
-1.54597 0.0375342 0.0375342 
0.44422 0.229076 0.229076 
2.43441 0.0822906 0.0822906 
4.42459 0.0308265 0.0308265 
6.41478 0.0149908 0.0149908 
8.40497 0.00874854 0.00874854 
10.3952 0.00564515 0.00564515 
12.3853 0.00425031 0.00425031 
14.3755 0.00316918 0.00316918 
16.3657 0.00230225 0.00230225 
18.3559 0.00188734 0.00188734 
20.3461 0.00140665 0.00140665 
22.3363 0.00104065 0.00104065 
24.3265 0.000794402 0.000794402 
26.3167 0.000689831 0.000689831 
28.3068 0.000620679 0.000620679 
30.297 0.000613933 0.000613933 
32.2872 0.000489122 0.000489122 
34.2774 0.000438524 0.000438524 
36.2676 0.000441897 0.000441897 
38.2578 0.000352505 0.000352505 
40.248 0.000312026 0.000312026 
42.2381 0.000306966 0.000306966 
44.2283 0.000226008 0.000226008 
46.2185 0.000204082 0.000204082 
48.2087 0.000190589 0.000190589 
50.1989 0.00013999 0.00013999 
52.1891 0.000123124 0.000123124 
54.1793 0.000106258 0.000106258 
56.1695 0.000113004 0.000113004 
58.1596 9.1078e-05 9.1078e-05 
60.1498 0.000107944 0.000107944 
62.14 7.75849e-05 7.75849e-05 
64.1302 0.000102884 0.000102884 
66.1204 8.77047e-05 8.77047e-05 
68.1106 8.43315e-05 8.43315e-05 
70.1008 6.74652e-05 6.74652e-05 
72.091 5.73454e-05 5.73454e-05 
74.0811 6.24053e-05 6.24053e-05 
76.0713 4.04791e-05 4.04791e-05 
78.0615 5.73454e-05 5.73454e-05 
80.0517 6.07186e-05 6.07186e-05 
82.0419 3.2046e-05 3.2046e-05 
84.0321 3.71058e-05 3.71058e-05 
86.0223 4.21657e-05 4.21657e-05 
88.0124 2.19262e-05 2.19262e-05 
90.0026 2.86727e-05 2.86727e-05 
91.9928 1.51797e-05 1.51797e-05 
93.983 2.02395e-05 2.02395e-05 
95.9732 3.37326e-06 3.37326e-06 
97.9634 1.68663e-06 1.68663e-06 
99.9536 3.37326e-06 3.37326e-06 
101.944 0 0 
103.934 5.05989e-06 5.05989e-06 




x=mag(U)/U_D 	 PDF 	 dV/Vdx
0.91642 0.140551 0.140551 
2.74926 0.0958567 0.0958567 
4.5821 0.0588546 0.0588546 
6.41494 0.041718 0.041718 
8.24778 0.0323558 0.0323558 
10.0806 0.0266161 0.0266161 
11.9135 0.0206182 0.0206182 
13.7463 0.0153931 0.0153931 
15.5791 0.0125507 0.0125507 
17.412 0.0107743 0.0107743 
19.2448 0.00909119 0.00909119 
21.0777 0.00753814 0.00753814 
22.9105 0.00625431 0.00625431 
24.7433 0.00547962 0.00547962 
26.5762 0.0048551 0.0048551 
28.409 0.00410605 0.00410605 
30.2419 0.00391741 0.00391741 
32.0747 0.00355662 0.00355662 
33.9076 0.00301086 0.00301086 
35.7404 0.00253103 0.00253103 
37.5732 0.00228562 0.00228562 
39.4061 0.00209149 0.00209149 
41.2389 0.00210247 0.00210247 
43.0718 0.00185157 0.00185157 
44.9046 0.00170872 0.00170872 
46.7374 0.00175267 0.00175267 
48.5703 0.00162997 0.00162997 
50.4031 0.001597 0.001597 
52.236 0.00136624 0.00136624 
54.0688 0.00115929 0.00115929 
55.9016 0.00110984 0.00110984 
57.7345 0.00110069 0.00110069 
59.5673 0.00104208 0.00104208 
61.4002 0.00097798 0.00097798 
63.233 0.000860769 0.000860769 
65.0658 0.000908386 0.000908386 
66.8987 0.000818646 0.000818646 
68.7315 0.000793006 0.000793006 
70.5644 0.000659312 0.000659312 
72.3972 0.000664807 0.000664807 
74.23 0.00065565 0.00065565 
76.0629 0.000571404 0.000571404 
77.8957 0.00056591 0.00056591 
79.7286 0.000532944 0.000532944 
81.5614 0.00055309 0.00055309 
83.3942 0.000556753 0.000556753 
85.2271 0.000470676 0.000470676 
87.0599 0.00046335 0.00046335 
88.8928 0.000454193 0.000454193 
90.7256 0.00048899 0.00048899 
92.5584 0.000415733 0.000415733 
94.3913 0.000474339 0.000474339 
96.2241 0.000402913 0.000402913 
98.057 0.000430385 0.000430385 
99.8898 0.000391925 0.000391925 
101.723 0.000397419 0.000397419 
103.555 0.000391925 0.000391925 
105.388 0.000362622 0.000362622 
107.221 0.000280208 0.000280208 
109.054 0.000325993 0.000325993 
110.887 0.000236254 0.000236254 
112.72 0.000236254 0.000236254 
114.553 0.000276545 0.000276545 
116.385 0.000197794 0.000197794 
118.218 0.000232591 0.000232591 
120.051 0.000197794 0.000197794 
121.884 0.000197794 0.000197794 
123.717 0.000177648 0.000177648 
125.55 0.000164828 0.000164828 
127.382 0.000159334 0.000159334 
129.215 0.000162997 0.000162997 
131.048 0.00016666 0.00016666 
132.881 0.000133694 0.000133694 
134.714 0.000133694 0.000133694 
136.547 0.0001282 0.0001282 
138.379 0.000104391 0.000104391 
140.212 0.000106223 0.000106223 
142.045 8.97398e-05 8.97398e-05 
143.878 8.42455e-05 8.42455e-05 
145.711 8.79083e-05 8.79083e-05 
147.544 8.60769e-05 8.60769e-05 
149.377 6.59312e-05 6.59312e-05 
151.209 7.87512e-05 7.87512e-05 
153.042 4.21227e-05 4.21227e-05 
154.875 4.57856e-05 4.57856e-05 
156.708 5.31113e-05 5.31113e-05 
158.541 5.86056e-05 5.86056e-05 
160.374 5.12799e-05 5.12799e-05 
162.206 2.93028e-05 2.93028e-05 
164.039 4.94484e-05 4.94484e-05 
165.872 3.29656e-05 3.29656e-05 
167.705 2.74714e-05 2.74714e-05 
169.538 1.64828e-05 1.64828e-05 
171.371 2.01457e-05 2.01457e-05 
173.203 1.46514e-05 1.46514e-05 
175.036 1.64828e-05 1.64828e-05 
176.869 1.64828e-05 1.64828e-05 
178.702 2.93028e-05 2.93028e-05 
180.535 1.64828e-05 1.64828e-05 
182.368 2.19771e-05 2.19771e-05 
184.2 1.83142e-05 1.83142e-05 
186.033 2.01457e-05 2.01457e-05 
187.866 9.15712e-06 9.15712e-06 
189.699 2.01457e-05 2.01457e-05 
191.532 1.64828e-05 1.64828e-05 
193.365 1.282e-05 1.282e-05 
195.198 3.66285e-06 3.66285e-06 
197.03 7.32569e-06 7.32569e-06 
198.863 9.15712e-06 9.15712e-06 
200.696 1.46514e-05 1.46514e-05 
202.529 9.15712e-06 9.15712e-06 
204.362 1.282e-05 1.282e-05 
206.195 1.09885e-05 1.09885e-05 
208.027 9.15712e-06 9.15712e-06 
209.86 5.49427e-06 5.49427e-06 
211.693 7.32569e-06 7.32569e-06 
213.526 7.32569e-06 7.32569e-06 
215.359 1.282e-05 1.282e-05 
217.192 1.09885e-05 1.09885e-05 
219.024 1.83142e-06 1.83142e-06 
220.857 7.32569e-06 7.32569e-06 
222.69 9.15712e-06 9.15712e-06 
224.523 3.66285e-06 3.66285e-06 
226.356 3.66285e-06 3.66285e-06 
228.189 3.66285e-06 3.66285e-06 
230.021 5.49427e-06 5.49427e-06 
231.854 1.83142e-06 1.83142e-06 
233.687 3.66285e-06 3.66285e-06 


