ketton_flow_sub0-1-Y/processor0	effPorosity= 0.0944762 		K_y= 8.52553e-15 m^2 		FF_y= 155.518 		DarcyVelocity= 3.33028e-08 m/s 		DelP= 1 Pa 		K: 8.52553e-15 m^2 			K=( 0  8.52553e-15  0 ) Pmax-Pmin: 1.00021 Umax= 8.63401e-05		 effPorosity= V_pore/(L_x*L_y*L_z)= 1.58505e-12/(0.000256*0.000256*0.000256)= 0.0944762		 Re=rho*VDarcy*sqrt(K)/mu= 1000*3.33028e-08*sqrt(8.52553e-15 )/0.001)= 3.07498e-09


x=mag(U)/U_D 	 PDF 	 dV/Vdx 	 PDF(log10(x)) 	 dV/Vd(log10(x))
4.46338e-12 4.24104e+06 4.24104e+06 4.35865e-05 4.35865e-05 
5.82721e-12 3.24844e+06 3.24844e+06 4.35865e-05 4.35865e-05 
7.60777e-12 2.48816e+06 2.48816e+06 4.35865e-05 4.35865e-05 
9.93239e-12 3.81164e+06 3.81164e+06 8.71729e-05 8.71729e-05 
1.29673e-11 2.91955e+06 2.91955e+06 8.71729e-05 8.71729e-05 
1.69296e-11 7.82685e+06 7.82685e+06 0.000305105 0.000305105 
2.21026e-11 3.42572e+06 3.42572e+06 0.000174346 0.000174346 
2.88563e-11 1.96796e+06 1.96796e+06 0.000130759 0.000130759 
3.76736e-11 1.50737e+06 1.50737e+06 0.000130759 0.000130759 
4.91851e-11 2.30916e+06 2.30916e+06 0.000261519 0.000261519 
6.42141e-11 884356 884356 0.000130759 0.000130759 
8.38353e-11 2.25792e+06 2.25792e+06 0.000435865 0.000435865 
1.09452e-10 2.9401e+06 2.9401e+06 0.00074097 0.00074097 
1.42896e-10 2.78186e+06 2.78186e+06 0.000915316 0.000915316 
1.86559e-10 3.8557e+06 3.8557e+06 0.00165629 0.00165629 
2.43564e-10 2.17611e+06 2.17611e+06 0.00122042 0.00122042 
3.17987e-10 1.72633e+06 1.72633e+06 0.00126401 0.00126401 
4.15151e-10 2.32541e+06 2.32541e+06 0.00222291 0.00222291 
5.42005e-10 1.95578e+06 1.95578e+06 0.00244084 0.00244084 
7.07619e-10 1.39104e+06 1.39104e+06 0.0022665 0.0022665 
9.23839e-10 2.0285e+06 2.0285e+06 0.00431506 0.00431506 
1.20613e-09 1.60082e+06 1.60082e+06 0.00444582 0.00444582 
1.57467e-09 1.28626e+06 1.28626e+06 0.00466375 0.00466375 
2.05582e-09 1.41798e+06 1.41798e+06 0.00671232 0.00671232 
2.684e-09 1.09316e+06 1.09316e+06 0.0067559 0.0067559 
3.50412e-09 1.15603e+06 1.15603e+06 0.00932751 0.00932751 
4.57484e-09 1.01374e+06 1.01374e+06 0.0106787 0.0106787 
5.97272e-09 906420 906420 0.0124657 0.0124657 
7.79775e-09 801089 801089 0.0143835 0.0143835 
1.01804e-08 669380 669380 0.0156911 0.0156911 
1.32911e-08 575380 575380 0.0176089 0.0176089 
1.73524e-08 469079 469079 0.0187422 0.0187422 
2.26546e-08 414441 414441 0.0216189 0.0216189 
2.95769e-08 299523 299523 0.0203985 0.0203985 
3.86143e-08 243637 243637 0.0216625 0.0216625 
5.04133e-08 179481 179481 0.0208343 0.0208343 
6.58176e-08 151279 151279 0.0229265 0.0229265 
8.59288e-08 120940 120940 0.023929 0.023929 
1.12185e-07 90441.1 90441.1 0.0233624 0.0233624 
1.46464e-07 71729.4 71729.4 0.0241905 0.0241905 
1.91218e-07 52268.7 52268.7 0.0230137 0.0230137 
2.49646e-07 35182.7 35182.7 0.0202241 0.0202241 
3.25928e-07 23405.6 23405.6 0.0175653 0.0175653 
4.25518e-07 18950.8 18950.8 0.0185678 0.0185678 
5.55539e-07 13016.2 13016.2 0.01665 0.01665 
7.25289e-07 10465.7 10465.7 0.0174782 0.0174782 
9.46908e-07 7836.36 7836.36 0.0170859 0.0170859 
1.23625e-06 6492.28 6492.28 0.0184807 0.0184807 
1.61399e-06 4585.76 4585.76 0.0170423 0.0170423 
2.10716e-06 3216.04 3216.04 0.015604 0.015604 
2.75102e-06 2539.03 2539.03 0.0160834 0.0160834 
3.59163e-06 1791.94 1791.94 0.0148194 0.0148194 
4.68908e-06 1186.85 1186.85 0.0128144 0.0128144 
6.12187e-06 871.969 871.969 0.0122914 0.0122914 
7.99247e-06 667.889 667.889 0.0122914 0.0122914 
1.04346e-05 487.99 487.99 0.0117248 0.0117248 
1.3623e-05 362.662 362.662 0.0113761 0.0113761 
1.77857e-05 243.725 243.725 0.0099813 0.0099813 
2.32203e-05 202.172 202.172 0.0108094 0.0108094 
3.03154e-05 176.085 176.085 0.0122914 0.0122914 
3.95786e-05 137.264 137.264 0.0125093 0.0125093 
5.16722e-05 103.673 103.673 0.012335 0.012335 
6.74611e-05 82.4954 82.4954 0.0128144 0.0128144 
8.80745e-05 67.4863 67.4863 0.0136862 0.0136862 
0.000114987 61.5688 61.5688 0.0163013 0.0163013 
0.000150122 48.0416 48.0416 0.0166064 0.0166064 
0.000195993 39.6952 39.6952 0.017914 0.017914 
0.00025588 35.953 35.953 0.021183 0.021183 
0.000334067 29.0683 29.0683 0.0223599 0.0223599 
0.000436144 27.5166 27.5166 0.0276338 0.0276338 
0.000569412 23.869 23.869 0.0312951 0.0312951 
0.000743401 21.3127 21.3127 0.0364819 0.0364819 
0.000970554 17.3583 17.3583 0.038792 0.038792 
0.00126712 16.1639 16.1639 0.0471606 0.0471606 
0.0016543 15.0584 15.0584 0.0573598 0.0573598 
0.00215978 12.5858 12.5858 0.0625902 0.0625902 
0.00281972 10.6941 10.6941 0.0694333 0.0694333 
0.00368131 8.84941 8.84941 0.0750123 0.0750123 
0.00480617 7.98738 7.98738 0.0883934 0.0883934 
0.00627474 6.89027 6.89027 0.0995515 0.0995515 
0.00819205 5.71898 5.71898 0.107877 0.107877 
0.0106952 4.52915 4.52915 0.111538 0.111538 
0.0139632 2.96076 2.96076 0.0951929 0.0951929 
0.0182298 1.80573 1.80573 0.0757969 0.0757969 
0.0238001 1.20972 1.20972 0.066295 0.066295 
0.0310725 0.94487 0.94487 0.0676026 0.0676026 
0.0405669 0.691998 0.691998 0.0646387 0.0646387 
0.0529625 0.483576 0.483576 0.0589725 0.0589725 
0.0691457 0.396953 0.396953 0.0632004 0.0632004 
0.0902739 0.303209 0.303209 0.063026 0.063026 
0.117858 0.260994 0.260994 0.070828 0.070828 
0.15387 0.209259 0.209259 0.0741406 0.0741406 
0.200887 0.175737 0.175737 0.0812888 0.0812888 
0.26227 0.145144 0.145144 0.0876524 0.0876524 
0.342409 0.121014 0.121014 0.0954108 0.0954108 
0.447035 0.0994243 0.0994243 0.102341 0.102341 
0.583631 0.0857549 0.0857549 0.115243 0.115243 
0.761965 0.0763669 0.0763669 0.133985 0.133985 
0.99479 0.0650965 0.0650965 0.149109 0.149109 
1.29876 0.0568424 0.0568424 0.169987 0.169987 
1.69561 0.048875 0.048875 0.190822 0.190822 
2.21371 0.0411729 0.0411729 0.209869 0.209869 
2.89013 0.0344839 0.0344839 0.229483 0.229483 
3.77324 0.0294432 0.0294432 0.255809 0.255809 
4.92619 0.0245926 0.0245926 0.278953 0.278953 
6.43143 0.0206823 0.0206823 0.306282 0.306282 
8.39662 0.0169712 0.0169712 0.328119 0.328119 
10.9623 0.0137347 0.0137347 0.346687 0.346687 
14.3119 0.0110321 0.0110321 0.363555 0.363555 
18.685 0.00868814 0.00868814 0.373798 0.373798 
24.3944 0.00694726 0.00694726 0.39023 0.39023 
31.8484 0.0054051 0.0054051 0.396375 0.396375 
41.58 0.00396798 0.00396798 0.3799 0.3799 
54.2851 0.00286006 0.00286006 0.357496 0.357496 
70.8724 0.00185601 0.00185601 0.302882 0.302882 
92.5281 0.00105215 0.00105215 0.224165 0.224165 
120.801 0.000569287 0.000569287 0.15835 0.15835 
157.713 0.000283257 0.000283257 0.102864 0.102864 
205.903 0.000155551 0.000155551 0.0737483 0.0737483 
268.819 6.95717e-05 6.95717e-05 0.0430634 0.0430634 
350.959 3.4573e-05 3.4573e-05 0.0279389 0.0279389 
458.198 1.60293e-05 1.60293e-05 0.0169116 0.0169116 
598.205 6.99324e-06 6.99324e-06 0.00963261 0.00963261 
780.992 3.46597e-06 3.46597e-06 0.00623287 0.00623287 
1019.63 1.07676e-06 1.07676e-06 0.00252802 0.00252802 
1331.19 1.70639e-07 1.70639e-07 0.000523038 0.000523038 
1737.95 9.80262e-08 9.80262e-08 0.000392278 0.000392278 
2268.99 3.33705e-08 3.33705e-08 0.000174346 0.000174346 




x=U_x/U_D 	 PDF 	 dV/Vdx
-1421.31 1.93503e-07 1.93503e-07 
-1395.22 0 0 
-1369.14 0 0 
-1343.06 0 0 
-1316.97 0 0 
-1290.89 0 0 
-1264.81 0 0 
-1238.72 0 0 
-1212.64 0 0 
-1186.56 0 0 
-1160.47 0 0 
-1134.39 0 0 
-1108.31 0 0 
-1082.22 0 0 
-1056.14 0 0 
-1030.06 0 0 
-1003.98 0 0 
-977.892 0 0 
-951.809 0 0 
-925.726 0 0 
-899.643 0 0 
-873.559 0 0 
-847.476 0 0 
-821.393 0 0 
-795.31 0 0 
-769.227 0 0 
-743.144 1.93503e-07 1.93503e-07 
-717.06 1.93503e-07 1.93503e-07 
-690.977 0 0 
-664.894 0 0 
-638.811 0 0 
-612.728 0 0 
-586.645 0 0 
-560.562 0 0 
-534.478 1.93503e-07 1.93503e-07 
-508.395 3.87006e-07 3.87006e-07 
-482.312 0 0 
-456.229 3.87006e-07 3.87006e-07 
-430.146 7.74011e-07 7.74011e-07 
-404.063 3.87006e-07 3.87006e-07 
-377.979 1.16102e-06 1.16102e-06 
-351.896 7.74011e-07 7.74011e-07 
-325.813 1.93503e-06 1.93503e-06 
-299.73 4.06356e-06 4.06356e-06 
-273.647 5.61158e-06 5.61158e-06 
-247.564 8.32062e-06 8.32062e-06 
-221.48 9.28814e-06 9.28814e-06 
-195.397 1.43192e-05 1.43192e-05 
-169.314 2.59294e-05 2.59294e-05 
-143.231 4.19901e-05 4.19901e-05 
-117.148 6.9661e-05 6.9661e-05 
-91.0646 0.000104105 0.000104105 
-64.9814 0.000230849 0.000230849 
-38.8983 0.000572575 0.000572575 
-12.8151 0.00250489 0.00250489 
13.2681 0.0311644 0.0311644 
39.3512 0.0021891 0.0021891 
65.4344 0.000666037 0.000666037 
91.5176 0.00031986 0.00031986 
117.601 0.000128873 0.000128873 
143.684 7.58531e-05 7.58531e-05 
169.767 4.74082e-05 4.74082e-05 
195.85 3.3089e-05 3.3089e-05 
221.933 2.08983e-05 2.08983e-05 
248.017 1.81893e-05 1.81893e-05 
274.1 1.41257e-05 1.41257e-05 
300.183 1.14167e-05 1.14167e-05 
326.266 7.93362e-06 7.93362e-06 
352.349 5.41808e-06 5.41808e-06 
378.432 6.38559e-06 6.38559e-06 
404.516 4.06356e-06 4.06356e-06 
430.599 2.70904e-06 2.70904e-06 
456.682 2.70904e-06 2.70904e-06 
482.765 5.80508e-07 5.80508e-07 
508.848 2.51554e-06 2.51554e-06 
534.931 2.70904e-06 2.70904e-06 
561.014 1.93503e-06 1.93503e-06 
587.098 1.74153e-06 1.74153e-06 
613.181 1.74153e-06 1.74153e-06 
639.264 1.54802e-06 1.54802e-06 
665.347 1.35452e-06 1.35452e-06 
691.43 5.80508e-07 5.80508e-07 
717.513 1.16102e-06 1.16102e-06 
743.597 9.67514e-07 9.67514e-07 
769.68 9.67514e-07 9.67514e-07 
795.763 5.80508e-07 5.80508e-07 
821.846 5.80508e-07 5.80508e-07 
847.929 5.80508e-07 5.80508e-07 
874.012 1.93503e-07 1.93503e-07 
900.096 1.93503e-07 1.93503e-07 
926.179 1.93503e-07 1.93503e-07 
952.262 3.87006e-07 3.87006e-07 
978.345 1.93503e-07 1.93503e-07 
1004.43 0 0 
1030.51 0 0 
1056.59 0 0 
1082.68 0 0 
1108.76 0 0 
1134.84 1.93503e-07 1.93503e-07 
1160.93 0 0 
1187.01 0 0 
1213.09 0 0 
1239.18 0 0 
1265.26 0 0 
1291.34 3.87006e-07 3.87006e-07 
1317.43 0 0 
1343.51 1.93503e-07 1.93503e-07 
1369.59 0 0 
1395.68 1.93503e-07 1.93503e-07 
1421.76 0 0 
1447.84 1.93503e-07 1.93503e-07 
1473.93 0 0 
1500.01 0 0 
1526.09 0 0 
1552.17 0 0 
1578.26 0 0 
1604.34 0 0 
1630.42 1.93503e-07 1.93503e-07 
1656.51 0 0 
1682.59 0 0 
1708.67 0 0 
1734.76 0 0 
1760.84 0 0 
1786.92 0 0 
1813.01 0 0 
1839.09 0 0 
1865.17 0 0 
1891.26 1.93503e-07 1.93503e-07 




x=U_y/U_D 	 PDF 	 dV/Vdx
-151.642 6.02996e-07 6.02996e-07 
-134.902 3.01498e-07 3.01498e-07 
-118.161 3.01498e-06 3.01498e-06 
-101.421 3.31648e-06 3.31648e-06 
-84.6807 5.42697e-06 5.42697e-06 
-67.9404 9.64794e-06 9.64794e-06 
-51.2001 1.59794e-05 1.59794e-05 
-34.4598 4.28127e-05 4.28127e-05 
-17.7195 0.000130247 0.000130247 
-0.979216 0.00292514 0.00292514 
15.7611 0.0432228 0.0432228 
32.5014 0.00588735 0.00588735 
49.2416 0.0032197 0.0032197 
65.9819 0.00162598 0.00162598 
82.7222 0.000810729 0.000810729 
99.4625 0.000516466 0.000516466 
116.203 0.000335567 0.000335567 
132.943 0.00023547 0.00023547 
149.683 0.000164919 0.000164919 
166.424 0.000118187 0.000118187 
183.164 8.653e-05 8.653e-05 
199.904 5.87921e-05 5.87921e-05 
216.645 4.73352e-05 4.73352e-05 
233.385 3.13558e-05 3.13558e-05 
250.125 2.56273e-05 2.56273e-05 
266.865 2.56273e-05 2.56273e-05 
283.606 2.35169e-05 2.35169e-05 
300.346 1.65824e-05 1.65824e-05 
317.086 1.77884e-05 1.77884e-05 
333.827 1.53764e-05 1.53764e-05 
350.567 1.29644e-05 1.29644e-05 
367.307 1.20599e-05 1.20599e-05 
384.047 9.64794e-06 9.64794e-06 
400.788 9.34644e-06 9.34644e-06 
417.528 6.33146e-06 6.33146e-06 
434.268 6.33146e-06 6.33146e-06 
451.009 7.53745e-06 7.53745e-06 
467.749 5.72847e-06 5.72847e-06 
484.489 3.61798e-06 3.61798e-06 
501.229 5.42697e-06 5.42697e-06 
517.97 5.12547e-06 5.12547e-06 
534.71 9.04494e-07 9.04494e-07 
551.45 3.61798e-06 3.61798e-06 
568.191 1.50749e-06 1.50749e-06 
584.931 2.11049e-06 2.11049e-06 
601.671 1.50749e-06 1.50749e-06 
618.411 1.80899e-06 1.80899e-06 
635.152 1.50749e-06 1.50749e-06 
651.892 1.50749e-06 1.50749e-06 
668.632 1.80899e-06 1.80899e-06 
685.373 2.11049e-06 2.11049e-06 
702.113 9.04494e-07 9.04494e-07 
718.853 9.04494e-07 9.04494e-07 
735.593 1.20599e-06 1.20599e-06 
752.334 0 0 
769.074 1.20599e-06 1.20599e-06 
785.814 6.02996e-07 6.02996e-07 
802.555 9.04494e-07 9.04494e-07 
819.295 9.04494e-07 9.04494e-07 
836.035 9.04494e-07 9.04494e-07 
852.775 6.02996e-07 6.02996e-07 
869.516 3.01498e-07 3.01498e-07 
886.256 3.01498e-07 3.01498e-07 
902.996 0 0 
919.737 0 0 
936.477 3.01498e-07 3.01498e-07 
953.217 0 0 
969.957 0 0 
986.698 0 0 
1003.44 0 0 
1020.18 6.02996e-07 6.02996e-07 
1036.92 0 0 
1053.66 0 0 
1070.4 0 0 
1087.14 0 0 
1103.88 0 0 
1120.62 0 0 
1137.36 0 0 
1154.1 3.01498e-07 3.01498e-07 
1170.84 0 0 
1187.58 0 0 
1204.32 0 0 
1221.06 3.01498e-07 3.01498e-07 
1237.8 0 0 
1254.54 3.01498e-07 3.01498e-07 
1271.28 0 0 
1288.02 0 0 
1304.76 0 0 
1321.5 0 0 
1338.24 0 0 
1354.98 0 0 
1371.72 0 0 
1388.46 0 0 
1405.2 0 0 
1421.95 0 0 
1438.69 0 0 
1455.43 0 0 
1472.17 0 0 
1488.91 0 0 
1505.65 3.01498e-07 3.01498e-07 
1522.39 3.01498e-07 3.01498e-07 
1539.13 0 0 
1555.87 0 0 
1572.61 0 0 
1589.35 0 0 
1606.09 0 0 
1622.83 0 0 
1639.57 0 0 
1656.31 0 0 
1673.05 0 0 
1689.79 0 0 
1706.53 0 0 
1723.27 0 0 
1740.01 0 0 
1756.75 0 0 
1773.49 0 0 
1790.23 0 0 
1806.97 0 0 
1823.71 0 0 
1840.45 0 0 
1857.19 0 0 
1873.93 0 0 
1890.67 0 0 
1907.41 0 0 
1924.15 0 0 
1940.89 0 0 
1957.63 0 0 
1974.37 3.01498e-07 3.01498e-07 




x=U_z/U_D 	 PDF 	 dV/Vdx
-816.491 3.40914e-07 3.40914e-07 
-801.687 0 0 
-786.882 0 0 
-772.077 0 0 
-757.272 3.40914e-07 3.40914e-07 
-742.467 0 0 
-727.662 0 0 
-712.858 0 0 
-698.053 0 0 
-683.248 0 0 
-668.443 0 0 
-653.638 0 0 
-638.834 3.40914e-07 3.40914e-07 
-624.029 0 0 
-609.224 0 0 
-594.419 3.40914e-07 3.40914e-07 
-579.614 3.40914e-07 3.40914e-07 
-564.809 3.40914e-07 3.40914e-07 
-550.005 3.40914e-07 3.40914e-07 
-535.2 0 0 
-520.395 6.81827e-07 6.81827e-07 
-505.59 1.02274e-06 1.02274e-06 
-490.785 1.02274e-06 1.02274e-06 
-475.981 2.04548e-06 2.04548e-06 
-461.176 1.70457e-06 1.70457e-06 
-446.371 2.3864e-06 2.3864e-06 
-431.566 3.06822e-06 3.06822e-06 
-416.761 3.06822e-06 3.06822e-06 
-401.956 2.72731e-06 2.72731e-06 
-387.152 1.70457e-06 1.70457e-06 
-372.347 2.72731e-06 2.72731e-06 
-357.542 3.40914e-06 3.40914e-06 
-342.737 2.04548e-06 2.04548e-06 
-327.932 3.75005e-06 3.75005e-06 
-313.128 5.11371e-06 5.11371e-06 
-298.323 6.47736e-06 6.47736e-06 
-283.518 7.15919e-06 7.15919e-06 
-268.713 7.15919e-06 7.15919e-06 
-253.908 8.18193e-06 8.18193e-06 
-239.103 9.8865e-06 9.8865e-06 
-224.299 1.09092e-05 1.09092e-05 
-209.494 7.5001e-06 7.5001e-06 
-194.689 1.63639e-05 1.63639e-05 
-179.884 1.77275e-05 1.77275e-05 
-165.079 1.63639e-05 1.63639e-05 
-150.275 2.45458e-05 2.45458e-05 
-135.47 2.45458e-05 2.45458e-05 
-120.665 3.5455e-05 3.5455e-05 
-105.86 4.46597e-05 4.46597e-05 
-91.0553 6.44327e-05 6.44327e-05 
-76.2504 8.48875e-05 8.48875e-05 
-61.4456 0.000140116 0.000140116 
-46.6408 0.000262504 0.000262504 
-31.836 0.000642622 0.000642622 
-17.0312 0.00188662 0.00188662 
-2.22635 0.00998536 0.00998536 
12.5785 0.0473195 0.0473195 
27.3833 0.00373335 0.00373335 
42.1881 0.00132956 0.00132956 
56.9929 0.000632054 0.000632054 
71.7977 0.000336823 0.000336823 
86.6026 0.000206253 0.000206253 
101.407 0.000131252 0.000131252 
116.212 9.8865e-05 9.8865e-05 
131.017 7.32964e-05 7.32964e-05 
145.822 6.20463e-05 6.20463e-05 
160.627 5.86372e-05 5.86372e-05 
175.431 4.87507e-05 4.87507e-05 
190.236 3.92051e-05 3.92051e-05 
205.041 1.9773e-05 1.9773e-05 
219.846 2.07957e-05 2.07957e-05 
234.651 1.43184e-05 1.43184e-05 
249.456 1.43184e-05 1.43184e-05 
264.26 1.1932e-05 1.1932e-05 
279.065 7.5001e-06 7.5001e-06 
293.87 4.77279e-06 4.77279e-06 
308.675 5.79553e-06 5.79553e-06 
323.48 4.77279e-06 4.77279e-06 
338.284 4.43188e-06 4.43188e-06 
353.089 3.75005e-06 3.75005e-06 
367.894 2.3864e-06 2.3864e-06 
382.699 3.40914e-06 3.40914e-06 
397.504 1.36365e-06 1.36365e-06 
412.309 2.04548e-06 2.04548e-06 
427.113 1.70457e-06 1.70457e-06 
441.918 6.81827e-07 6.81827e-07 
456.723 1.02274e-06 1.02274e-06 
471.528 1.36365e-06 1.36365e-06 
486.333 3.40914e-07 3.40914e-07 
501.137 1.36365e-06 1.36365e-06 
515.942 1.02274e-06 1.02274e-06 
530.747 3.40914e-07 3.40914e-07 
545.552 0 0 
560.357 0 0 
575.162 0 0 
589.966 0 0 
604.771 3.40914e-07 3.40914e-07 
619.576 6.81827e-07 6.81827e-07 
634.381 0 0 
649.186 0 0 
663.991 3.40914e-07 3.40914e-07 
678.795 3.40914e-07 3.40914e-07 
693.6 0 0 
708.405 0 0 
723.21 0 0 
738.015 3.40914e-07 3.40914e-07 
752.819 0 0 
767.624 0 0 
782.429 3.40914e-07 3.40914e-07 
797.234 0 0 
812.039 0 0 
826.844 3.40914e-07 3.40914e-07 
841.648 0 0 
856.453 3.40914e-07 3.40914e-07 
871.258 0 0 
886.063 0 0 
900.868 3.40914e-07 3.40914e-07 
915.672 3.40914e-07 3.40914e-07 
930.477 0 0 
945.282 0 0 
960.087 0 0 
974.892 0 0 
989.697 0 0 
1004.5 0 0 
1019.31 0 0 
1034.11 0 0 
1048.92 0 0 
1063.72 6.81827e-07 6.81827e-07 




x=mag(U)/U_D 	 PDF 	 dV/Vdx
10.1272 0.0302912 0.0302912 
30.3817 0.00893287 0.00893287 
50.6362 0.00409589 0.00409589 
70.8907 0.00224244 0.00224244 
91.1452 0.00121603 0.00121603 
111.4 0.000733359 0.000733359 
131.654 0.000463987 0.000463987 
151.909 0.000292297 0.000292297 
172.163 0.000218787 0.000218787 
192.418 0.000181408 0.000181408 
212.672 0.000128332 0.000128332 
232.927 9.76815e-05 9.76815e-05 
253.181 6.30444e-05 6.30444e-05 
273.436 5.70639e-05 5.70639e-05 
293.69 4.98375e-05 4.98375e-05 
313.945 4.23619e-05 4.23619e-05 
334.199 3.46371e-05 3.46371e-05 
354.454 2.74106e-05 2.74106e-05 
374.708 2.51679e-05 2.51679e-05 
394.963 1.76923e-05 1.76923e-05 
415.217 1.74431e-05 1.74431e-05 
435.472 1.52004e-05 1.52004e-05 
455.726 1.47021e-05 1.47021e-05 
475.981 1.1961e-05 1.1961e-05 
496.235 8.22319e-06 8.22319e-06 
516.49 9.46912e-06 9.46912e-06 
536.744 8.72156e-06 8.72156e-06 
556.999 6.47887e-06 6.47887e-06 
577.253 6.47887e-06 6.47887e-06 
597.508 5.23294e-06 5.23294e-06 
617.762 5.73131e-06 5.73131e-06 
638.017 3.987e-06 3.987e-06 
658.271 4.48537e-06 4.48537e-06 
678.526 5.48212e-06 5.48212e-06 
698.78 2.24269e-06 2.24269e-06 
719.035 4.23619e-06 4.23619e-06 
739.289 4.48537e-06 4.48537e-06 
759.544 1.9935e-06 1.9935e-06 
779.798 2.74106e-06 2.74106e-06 
800.053 2.74106e-06 2.74106e-06 
820.307 9.9675e-07 9.9675e-07 
840.562 2.24269e-06 2.24269e-06 
860.816 1.9935e-06 1.9935e-06 
881.071 1.49512e-06 1.49512e-06 
901.325 1.24594e-06 1.24594e-06 
921.58 4.98375e-07 4.98375e-07 
941.834 1.74431e-06 1.74431e-06 
962.089 9.9675e-07 9.9675e-07 
982.343 0 0 
1002.6 0 0 
1022.85 7.47562e-07 7.47562e-07 
1043.11 2.49187e-07 2.49187e-07 
1063.36 7.47562e-07 7.47562e-07 
1083.62 2.49187e-07 2.49187e-07 
1103.87 0 0 
1124.12 2.49187e-07 2.49187e-07 
1144.38 2.49187e-07 2.49187e-07 
1164.63 4.98375e-07 4.98375e-07 
1184.89 2.49187e-07 2.49187e-07 
1205.14 0 0 
1225.4 0 0 
1245.65 0 0 
1265.91 2.49187e-07 2.49187e-07 
1286.16 0 0 
1306.41 0 0 
1326.67 2.49187e-07 2.49187e-07 
1346.92 2.49187e-07 2.49187e-07 
1367.18 4.98375e-07 4.98375e-07 
1387.43 0 0 
1407.69 2.49187e-07 2.49187e-07 
1427.94 0 0 
1448.2 0 0 
1468.45 0 0 
1488.71 0 0 
1508.96 0 0 
1529.21 0 0 
1549.47 0 0 
1569.72 0 0 
1589.98 2.49187e-07 2.49187e-07 
1610.23 0 0 
1630.49 2.49187e-07 2.49187e-07 
1650.74 2.49187e-07 2.49187e-07 
1671 0 0 
1691.25 2.49187e-07 2.49187e-07 
1711.5 0 0 
1731.76 2.49187e-07 2.49187e-07 
1752.01 0 0 
1772.27 0 0 
1792.52 2.49187e-07 2.49187e-07 
1812.78 0 0 
1833.03 0 0 
1853.29 0 0 
1873.54 0 0 
1893.8 0 0 
1914.05 0 0 
1934.3 0 0 
1954.56 0 0 
1974.81 0 0 
1995.07 2.49187e-07 2.49187e-07 
2015.32 0 0 
2035.58 0 0 
2055.83 0 0 
2076.09 0 0 
2096.34 0 0 
2116.59 0 0 
2136.85 0 0 
2157.1 0 0 
2177.36 0 0 
2197.61 0 0 
2217.87 0 0 
2238.12 0 0 
2258.38 0 0 
2278.63 0 0 
2298.89 0 0 
2319.14 0 0 
2339.39 0 0 
2359.65 0 0 
2379.9 0 0 
2400.16 0 0 
2420.41 0 0 
2440.67 0 0 
2460.92 2.49187e-07 2.49187e-07 
2481.18 0 0 
2501.43 0 0 
2521.68 0 0 
2541.94 0 0 
2562.19 0 0 
2582.45 2.49187e-07 2.49187e-07 


