ketton_flow_sub3-1-Y/processor0	effPorosity= 0.119759 		K_y= 7.97989e-14 m^2 		FF_y= 42.5565 		DarcyVelocity= 3.11714e-07 m/s 		DelP= 1 Pa 		K: 7.97989e-14 m^2 			K=( 0  7.97989e-14  0 ) Pmax-Pmin: 1.00216 Umax= 0.000156598		 effPorosity= V_pore/(L_x*L_y*L_z)= 2.00922e-12/(0.000256*0.000256*0.000256)= 0.119759		 Re=rho*VDarcy*sqrt(K)/mu= 1000*3.11714e-07*sqrt(7.97989e-14 )/0.001)= 8.80552e-08


x=mag(U)/U_D 	 PDF 	 dV/Vdx 	 PDF(log10(x)) 	 dV/Vd(log10(x))
3.61549e-13 4.027e+07 4.027e+07 3.35246e-05 3.35246e-05 
4.75263e-13 0 0 0 0 
6.24744e-13 0 0 0 0 
8.21239e-13 0 0 0 0 
1.07954e-12 0 0 0 0 
1.41907e-12 0 0 0 0 
1.8654e-12 0 0 0 0 
2.45211e-12 5.93757e+06 5.93757e+06 3.35246e-05 3.35246e-05 
3.22335e-12 0 0 0 0 
4.23716e-12 3.43616e+06 3.43616e+06 3.35246e-05 3.35246e-05 
5.56983e-12 5.228e+06 5.228e+06 6.70492e-05 6.70492e-05 
7.32166e-12 0 0 0 0 
9.62448e-12 0 0 0 0 
1.26516e-11 1.15081e+06 1.15081e+06 3.35246e-05 3.35246e-05 
1.66308e-11 875459 875459 3.35246e-05 3.35246e-05 
2.18615e-11 665991 665991 3.35246e-05 3.35246e-05 
2.87374e-11 2.02657e+06 2.02657e+06 0.000134098 0.000134098 
3.77759e-11 1.92709e+06 1.92709e+06 0.000167623 0.000167623 
4.96572e-11 2.05241e+06 2.05241e+06 0.000234672 0.000234672 
6.52755e-11 1.33829e+06 1.33829e+06 0.000201148 0.000201148 
8.5806e-11 678720 678720 0.000134098 0.000134098 
1.12794e-10 1.03265e+06 1.03265e+06 0.000268197 0.000268197 
1.4827e-10 1.37475e+06 1.37475e+06 0.000469345 0.000469345 
1.94904e-10 896415 896415 0.000402295 0.000402295 
2.56205e-10 966071 966071 0.000569919 0.000569919 
3.36787e-10 778153 778153 0.000603443 0.000603443 
4.42714e-10 920838 920838 0.000938689 0.000938689 
5.81957e-10 975713 975713 0.00130746 0.00130746 
7.64994e-10 1.08484e+06 1.08484e+06 0.0019109 0.0019109 
1.0056e-09 839751 839751 0.00194443 0.00194443 
1.32188e-09 804040 804040 0.0024473 0.0024473 
1.73764e-09 762481 762481 0.00305074 0.00305074 
2.28417e-09 662908 662908 0.00348656 0.00348656 
3.00259e-09 547937 547937 0.00378828 0.00378828 
3.94697e-09 461100 461100 0.00419058 0.00419058 
5.18837e-09 342355 342355 0.00409 0.00409 
6.82022e-09 258306 258306 0.00405648 0.00405648 
8.96533e-09 219238 219238 0.00452582 0.00452582 
1.17851e-08 155663 155663 0.0042241 0.0042241 
1.54918e-08 150372 150372 0.00536394 0.00536394 
2.03643e-08 92944.3 92944.3 0.0043582 0.0043582 
2.67693e-08 80495.9 80495.9 0.00496164 0.00496164 
3.51887e-08 69511 69511 0.00563214 0.00563214 
4.62563e-08 55712.2 55712.2 0.00593386 0.00593386 
6.08049e-08 37353.7 37353.7 0.00522984 0.00522984 
7.99294e-08 20765.7 20765.7 0.00382181 0.00382181 
1.05069e-07 13025.7 13025.7 0.00315131 0.00315131 
1.38115e-07 11174.1 11174.1 0.00355361 0.00355361 
1.81555e-07 5934.32 5934.32 0.00248082 0.00248082 
2.38658e-07 4331.42 4331.42 0.00238025 0.00238025 
3.13721e-07 3480.69 3480.69 0.00251435 0.00251435 
4.12393e-07 2612.57 2612.57 0.00248082 0.00248082 
5.421e-07 1880.04 1880.04 0.00234672 0.00234672 
7.12602e-07 1062.44 1062.44 0.00174328 0.00174328 
9.3673e-07 683.89 683.89 0.00147508 0.00147508 
1.23135e-06 650.323 650.323 0.00184385 0.00184385 
1.61864e-06 521.707 521.707 0.00194443 0.00194443 
2.12773e-06 403.723 403.723 0.00197795 0.00197795 
2.79695e-06 255.07 255.07 0.00164271 0.00164271 
3.67665e-06 261.36 261.36 0.00221262 0.00221262 
4.83303e-06 207.863 207.863 0.0023132 0.0023132 
6.35312e-06 116.878 116.878 0.00170976 0.00170976 
8.35131e-06 113.32 113.32 0.0021791 0.0021791 
1.0978e-05 119.363 119.363 0.00301722 0.00301722 
1.44308e-05 77.6871 77.6871 0.0025814 0.0025814 
1.89696e-05 75.9847 75.9847 0.00331894 0.00331894 
2.49359e-05 64.2267 64.2267 0.00368771 0.00368771 
3.27788e-05 48.4152 48.4152 0.00365418 0.00365418 
4.30884e-05 47.306 47.306 0.00469345 0.00469345 
5.66406e-05 36.7584 36.7584 0.00479402 0.00479402 
7.44552e-05 28.1589 28.1589 0.00482754 0.00482754 
9.7873e-05 26.033 26.033 0.00586681 0.00586681 
0.000128656 19.9173 19.9173 0.00590033 0.00590033 
0.000169121 15.3239 15.3239 0.00596738 0.00596738 
0.000222313 14.3426 14.3426 0.00734189 0.00734189 
0.000292235 11.4091 11.4091 0.00767714 0.00767714 
0.00038415 8.56557 8.56557 0.00757656 0.00757656 
0.000504973 7.38108 7.38108 0.0085823 0.0085823 
0.000663797 6.18531 6.18531 0.00945394 0.00945394 
0.000872576 4.45509 4.45509 0.00895107 0.00895107 
0.00114702 3.37644 3.37644 0.00891755 0.00891755 
0.00150778 2.89688 2.89688 0.0100574 0.0100574 
0.00198201 2.38006 2.38006 0.010862 0.010862 
0.00260539 1.9 1.9 0.0113984 0.0113984 
0.00342484 1.63244 1.63244 0.0128735 0.0128735 
0.00450203 1.37445 1.37445 0.014248 0.014248 
0.00591801 1.00869 1.00869 0.0137451 0.0137451 
0.00777935 0.834717 0.834717 0.014952 0.014952 
0.0102261 0.724694 0.724694 0.017064 0.017064 
0.0134425 0.56213 0.56213 0.0173993 0.0173993 
0.0176704 0.508378 0.508378 0.0206847 0.0206847 
0.0232281 0.419961 0.419961 0.0224615 0.0224615 
0.0305338 0.340459 0.340459 0.0239366 0.0239366 
0.0401374 0.313773 0.313773 0.0289988 0.0289988 
0.0527614 0.251391 0.251391 0.0305409 0.0305409 
0.069356 0.236586 0.236586 0.0377822 0.0377822 
0.0911699 0.214313 0.214313 0.04499 0.04499 
0.119845 0.185389 0.185389 0.0511586 0.0511586 
0.157538 0.172177 0.172177 0.0624564 0.0624564 
0.207088 0.157838 0.157838 0.0752628 0.0752628 
0.272221 0.140129 0.140129 0.0878345 0.0878345 
0.35784 0.131461 0.131461 0.108318 0.108318 
0.470389 0.121518 0.121518 0.131618 0.131618 
0.618336 0.110927 0.110927 0.157934 0.157934 
0.812815 0.0961543 0.0961543 0.17996 0.17996 
1.06846 0.0887367 0.0887367 0.218312 0.218312 
1.40452 0.0821524 0.0821524 0.265683 0.265683 
1.84627 0.0746957 0.0746957 0.317545 0.317545 
2.42696 0.0662121 0.0662121 0.370011 0.370011 
3.19029 0.0577447 0.0577447 0.424187 0.424187 
4.1937 0.0493686 0.0493686 0.47672 0.47672 
5.5127 0.0382298 0.0382298 0.485269 0.485269 
7.24657 0.0306197 0.0306197 0.510915 0.510915 
9.52576 0.0252024 0.0252024 0.552787 0.552787 
12.5218 0.0201165 0.0201165 0.580009 0.580009 
16.4602 0.0150344 0.0150344 0.569818 0.569818 
21.6373 0.0113234 0.0113234 0.564152 0.564152 
28.4426 0.00792357 0.00792357 0.518928 0.518928 
37.3885 0.00450045 0.00450045 0.387444 0.387444 
49.1479 0.00252515 0.00252515 0.285764 0.285764 
64.606 0.00142382 0.00142382 0.211809 0.211809 
84.9259 0.000636208 0.000636208 0.12441 0.12441 
111.637 0.00029566 0.00029566 0.0760003 0.0760003 
146.749 0.000129573 0.000129573 0.0437832 0.0437832 
192.905 3.5398e-05 3.5398e-05 0.015723 0.015723 
253.577 8.957e-06 8.957e-06 0.00522984 0.00522984 
333.333 3.53798e-06 3.53798e-06 0.00271549 0.00271549 
438.173 2.55855e-06 2.55855e-06 0.0025814 0.0025814 




x=U_x/U_D 	 PDF 	 dV/Vdx
-253.937 8.82026e-07 8.82026e-07 
-249.423 0 0 
-244.909 0 0 
-240.395 0 0 
-235.88 0 0 
-231.366 8.82026e-07 8.82026e-07 
-226.852 0 0 
-222.338 0 0 
-217.824 8.82026e-07 8.82026e-07 
-213.309 0 0 
-208.795 1.76405e-06 1.76405e-06 
-204.281 0 0 
-199.767 8.82026e-07 8.82026e-07 
-195.253 8.82026e-07 8.82026e-07 
-190.738 0 0 
-186.224 8.82026e-07 8.82026e-07 
-181.71 0 0 
-177.196 8.82026e-07 8.82026e-07 
-172.682 1.76405e-06 1.76405e-06 
-168.167 0 0 
-163.653 2.64608e-06 2.64608e-06 
-159.139 2.64608e-06 2.64608e-06 
-154.625 8.82026e-07 8.82026e-07 
-150.111 3.5281e-06 3.5281e-06 
-145.596 3.5281e-06 3.5281e-06 
-141.082 4.41013e-06 4.41013e-06 
-136.568 5.29215e-06 5.29215e-06 
-132.054 1.76405e-06 1.76405e-06 
-127.54 3.5281e-06 3.5281e-06 
-123.025 6.17418e-06 6.17418e-06 
-118.511 3.5281e-06 3.5281e-06 
-113.997 7.05621e-06 7.05621e-06 
-109.483 6.17418e-06 6.17418e-06 
-104.969 1.14663e-05 1.14663e-05 
-100.454 3.5281e-06 3.5281e-06 
-95.9403 5.29215e-06 5.29215e-06 
-91.4261 1.58765e-05 1.58765e-05 
-86.9119 1.49944e-05 1.49944e-05 
-82.3977 1.58765e-05 1.58765e-05 
-77.8835 3.3517e-05 3.3517e-05 
-73.3693 3.17529e-05 3.17529e-05 
-68.8551 4.05732e-05 4.05732e-05 
-64.3409 5.82137e-05 5.82137e-05 
-59.8267 9.52588e-05 9.52588e-05 
-55.3125 0.000113781 0.000113781 
-50.7983 0.000132304 0.000132304 
-46.2841 0.000238147 0.000238147 
-41.7699 0.000317529 0.000317529 
-37.2557 0.000454243 0.000454243 
-32.7415 0.000588311 0.000588311 
-28.2273 0.000866149 0.000866149 
-23.7131 0.00137331 0.00137331 
-19.1989 0.00281366 0.00281366 
-14.6847 0.00535213 0.00535213 
-10.1705 0.00980548 0.00980548 
-5.65634 0.018534 0.018534 
-1.14214 0.0463893 0.0463893 
3.37205 0.100934 0.100934 
7.88625 0.0140859 0.0140859 
12.4004 0.00692126 0.00692126 
16.9146 0.00432898 0.00432898 
21.4288 0.00260374 0.00260374 
25.943 0.00151267 0.00151267 
30.4572 0.00097111 0.00097111 
34.9714 0.000684452 0.000684452 
39.4856 0.000534508 0.000534508 
43.9998 0.000368687 0.000368687 
48.514 0.000244321 0.000244321 
53.0282 0.000216096 0.000216096 
57.5424 0.000158765 0.000158765 
62.0566 9.70228e-05 9.70228e-05 
66.5708 9.26127e-05 9.26127e-05 
71.085 5.82137e-05 5.82137e-05 
75.5992 4.14552e-05 4.14552e-05 
80.1134 3.61631e-05 3.61631e-05 
84.6276 2.55787e-05 2.55787e-05 
89.1418 2.46967e-05 2.46967e-05 
93.656 1.67585e-05 1.67585e-05 
98.1702 1.76405e-05 1.76405e-05 
102.684 1.94046e-05 1.94046e-05 
107.199 1.14663e-05 1.14663e-05 
111.713 1.67585e-05 1.67585e-05 
116.227 1.67585e-05 1.67585e-05 
120.741 8.82026e-06 8.82026e-06 
125.255 9.70228e-06 9.70228e-06 
129.77 1.41124e-05 1.41124e-05 
134.284 3.5281e-06 3.5281e-06 
138.798 7.05621e-06 7.05621e-06 
143.312 7.93823e-06 7.93823e-06 
147.826 5.29215e-06 5.29215e-06 
152.341 2.64608e-06 2.64608e-06 
156.855 3.5281e-06 3.5281e-06 
161.369 5.29215e-06 5.29215e-06 
165.883 3.5281e-06 3.5281e-06 
170.397 8.82026e-07 8.82026e-07 
174.911 2.64608e-06 2.64608e-06 
179.426 4.41013e-06 4.41013e-06 
183.94 2.64608e-06 2.64608e-06 
188.454 3.5281e-06 3.5281e-06 
192.968 3.5281e-06 3.5281e-06 
197.482 1.76405e-06 1.76405e-06 
201.997 1.76405e-06 1.76405e-06 
206.511 8.82026e-07 8.82026e-07 
211.025 3.5281e-06 3.5281e-06 
215.539 0 0 
220.053 2.64608e-06 2.64608e-06 
224.568 0 0 
229.082 0 0 
233.596 1.76405e-06 1.76405e-06 
238.11 2.64608e-06 2.64608e-06 
242.624 1.76405e-06 1.76405e-06 
247.139 0 0 
251.653 8.82026e-07 8.82026e-07 
256.167 3.5281e-06 3.5281e-06 
260.681 8.82026e-07 8.82026e-07 
265.195 0 0 
269.71 1.76405e-06 1.76405e-06 
274.224 0 0 
278.738 0 0 
283.252 2.64608e-06 2.64608e-06 
287.766 8.82026e-07 8.82026e-07 
292.281 0 0 
296.795 0 0 
301.309 8.82026e-07 8.82026e-07 
305.823 0 0 
310.337 0 0 
314.852 0 0 
319.366 1.76405e-06 1.76405e-06 




x=U_y/U_D 	 PDF 	 dV/Vdx
-149.654 7.87392e-07 7.87392e-07 
-144.597 7.87392e-07 7.87392e-07 
-139.54 1.57478e-06 1.57478e-06 
-134.484 0 0 
-129.427 0 0 
-124.37 2.36218e-06 2.36218e-06 
-119.313 1.57478e-06 1.57478e-06 
-114.257 7.87392e-07 7.87392e-07 
-109.2 7.87392e-07 7.87392e-07 
-104.143 3.93696e-06 3.93696e-06 
-99.0864 1.57478e-06 1.57478e-06 
-94.0297 3.14957e-06 3.14957e-06 
-88.9729 4.72435e-06 4.72435e-06 
-83.9162 3.93696e-06 3.93696e-06 
-78.8595 4.72435e-06 4.72435e-06 
-73.8027 5.51174e-06 5.51174e-06 
-68.746 7.08653e-06 7.08653e-06 
-63.6892 6.29914e-06 6.29914e-06 
-58.6325 1.25983e-05 1.25983e-05 
-53.5758 1.02361e-05 1.02361e-05 
-48.519 1.25983e-05 1.25983e-05 
-43.4623 1.96848e-05 1.96848e-05 
-38.4055 2.75587e-05 2.75587e-05 
-33.3488 2.83461e-05 2.83461e-05 
-28.2921 3.54326e-05 3.54326e-05 
-23.2353 7.08653e-05 7.08653e-05 
-18.1786 9.36997e-05 9.36997e-05 
-13.1218 0.00029291 0.00029291 
-8.06511 0.000644874 0.000644874 
-3.00837 0.00210312 0.00210312 
2.04837 0.0790809 0.0790809 
7.10511 0.047216 0.047216 
12.1619 0.0221769 0.0221769 
17.2186 0.0134298 0.0134298 
22.2753 0.00938729 0.00938729 
27.3321 0.00641095 0.00641095 
32.3888 0.00405271 0.00405271 
37.4455 0.00241493 0.00241493 
42.5023 0.00190549 0.00190549 
47.559 0.00154171 0.00154171 
52.6158 0.00130628 0.00130628 
57.6725 0.00100392 0.00100392 
62.7292 0.00065511 0.00065511 
67.786 0.000522828 0.000522828 
72.8427 0.00043464 0.00043464 
77.8995 0.000372436 0.000372436 
82.9562 0.000370074 0.000370074 
88.0129 0.000277949 0.000277949 
93.0697 0.000237792 0.000237792 
98.1264 0.000222045 0.000222045 
103.183 0.000185037 0.000185037 
108.24 0.00016299 0.00016299 
113.297 0.000131494 0.000131494 
118.353 0.000133069 0.000133069 
123.41 8.81879e-05 8.81879e-05 
128.467 8.11014e-05 8.11014e-05 
133.524 7.6377e-05 7.6377e-05 
138.58 4.96057e-05 4.96057e-05 
143.637 4.64561e-05 4.64561e-05 
148.694 4.17318e-05 4.17318e-05 
153.751 3.30705e-05 3.30705e-05 
158.807 2.91335e-05 2.91335e-05 
163.864 3.22831e-05 3.22831e-05 
168.921 1.96848e-05 1.96848e-05 
173.978 1.18109e-05 1.18109e-05 
179.034 1.41731e-05 1.41731e-05 
184.091 1.18109e-05 1.18109e-05 
189.148 1.10235e-05 1.10235e-05 
194.204 4.72435e-06 4.72435e-06 
199.261 6.29914e-06 6.29914e-06 
204.318 1.02361e-05 1.02361e-05 
209.375 5.51174e-06 5.51174e-06 
214.431 5.51174e-06 5.51174e-06 
219.488 4.72435e-06 4.72435e-06 
224.545 8.66131e-06 8.66131e-06 
229.602 5.51174e-06 5.51174e-06 
234.658 7.08653e-06 7.08653e-06 
239.715 2.36218e-06 2.36218e-06 
244.772 7.87392e-06 7.87392e-06 
249.829 3.93696e-06 3.93696e-06 
254.885 6.29914e-06 6.29914e-06 
259.942 3.14957e-06 3.14957e-06 
264.999 2.36218e-06 2.36218e-06 
270.056 3.93696e-06 3.93696e-06 
275.112 3.14957e-06 3.14957e-06 
280.169 3.14957e-06 3.14957e-06 
285.226 2.36218e-06 2.36218e-06 
290.283 3.93696e-06 3.93696e-06 
295.339 1.57478e-06 1.57478e-06 
300.396 7.87392e-07 7.87392e-07 
305.453 1.57478e-06 1.57478e-06 
310.509 3.14957e-06 3.14957e-06 
315.566 1.57478e-06 1.57478e-06 
320.623 3.14957e-06 3.14957e-06 
325.68 1.57478e-06 1.57478e-06 
330.736 1.57478e-06 1.57478e-06 
335.793 3.93696e-06 3.93696e-06 
340.85 2.36218e-06 2.36218e-06 
345.907 0 0 
350.963 3.93696e-06 3.93696e-06 
356.02 2.36218e-06 2.36218e-06 
361.077 3.14957e-06 3.14957e-06 
366.134 7.08653e-06 7.08653e-06 
371.19 2.36218e-06 2.36218e-06 
376.247 6.29914e-06 6.29914e-06 
381.304 7.87392e-07 7.87392e-07 
386.361 1.57478e-06 1.57478e-06 
391.417 2.36218e-06 2.36218e-06 
396.474 1.57478e-06 1.57478e-06 
401.531 0 0 
406.588 0 0 
411.644 2.36218e-06 2.36218e-06 
416.701 1.57478e-06 1.57478e-06 
421.758 0 0 
426.814 7.87392e-07 7.87392e-07 
431.871 7.87392e-07 7.87392e-07 
436.928 7.87392e-07 7.87392e-07 
441.985 1.57478e-06 1.57478e-06 
447.041 1.57478e-06 1.57478e-06 
452.098 1.57478e-06 1.57478e-06 
457.155 0 0 
462.212 3.93696e-06 3.93696e-06 
467.268 7.87392e-07 7.87392e-07 
472.325 7.87392e-07 7.87392e-07 
477.382 0 0 
482.439 7.87392e-07 7.87392e-07 
487.495 1.57478e-06 1.57478e-06 
492.552 3.14957e-06 3.14957e-06 




x=U_z/U_D 	 PDF 	 dV/Vdx
-158.597 1.58791e-06 1.58791e-06 
-156.089 0 0 
-153.582 0 0 
-151.074 0 0 
-148.567 0 0 
-146.06 0 0 
-143.552 3.17582e-06 3.17582e-06 
-141.045 0 0 
-138.537 1.58791e-06 1.58791e-06 
-136.03 1.58791e-06 1.58791e-06 
-133.522 9.52747e-06 9.52747e-06 
-131.015 3.17582e-06 3.17582e-06 
-128.507 0 0 
-126 1.27033e-05 1.27033e-05 
-123.492 3.17582e-06 3.17582e-06 
-120.985 1.11154e-05 1.11154e-05 
-118.477 6.35165e-06 6.35165e-06 
-115.97 2.06429e-05 2.06429e-05 
-113.462 9.52747e-06 9.52747e-06 
-110.955 1.58791e-05 1.58791e-05 
-108.448 2.22308e-05 2.22308e-05 
-105.94 1.90549e-05 1.90549e-05 
-103.433 1.58791e-05 1.58791e-05 
-100.925 1.58791e-05 1.58791e-05 
-98.4177 1.90549e-05 1.90549e-05 
-95.9102 2.06429e-05 2.06429e-05 
-93.4028 3.6522e-05 3.6522e-05 
-90.8953 1.90549e-05 1.90549e-05 
-88.3878 3.81099e-05 3.81099e-05 
-85.8804 3.96978e-05 3.96978e-05 
-83.3729 4.28736e-05 4.28736e-05 
-80.8654 5.24011e-05 5.24011e-05 
-78.358 9.20989e-05 9.20989e-05 
-75.8505 7.93956e-05 7.93956e-05 
-73.343 0.000122269 0.000122269 
-70.8356 9.36868e-05 9.36868e-05 
-68.3281 0.00010639 0.00010639 
-65.8206 0.000122269 0.000122269 
-63.3132 0.000150852 0.000150852 
-60.8057 0.000157203 0.000157203 
-58.2982 0.000204841 0.000204841 
-55.7908 0.000209604 0.000209604 
-53.2833 0.000187374 0.000187374 
-50.7758 0.000263593 0.000263593 
-48.2684 0.000309643 0.000309643 
-45.7609 0.000349341 0.000349341 
-43.2534 0.000389039 0.000389039 
-40.746 0.00046367 0.00046367 
-38.2385 0.000578 0.000578 
-35.731 0.000703445 0.000703445 
-33.2236 0.00097339 0.00097339 
-30.7161 0.00115918 0.00115918 
-28.2086 0.0014847 0.0014847 
-25.7012 0.00168001 0.00168001 
-23.1937 0.00209763 0.00209763 
-20.6862 0.00267246 0.00267246 
-18.1788 0.00318853 0.00318853 
-15.6713 0.00391897 0.00391897 
-13.1638 0.0051623 0.0051623 
-10.6564 0.00651997 0.00651997 
-8.1489 0.00847628 0.00847628 
-5.64144 0.0121031 0.0121031 
-3.13397 0.0195758 0.0195758 
-0.626504 0.0554737 0.0554737 
1.88096 0.171123 0.171123 
4.38843 0.0371063 0.0371063 
6.8959 0.0193217 0.0193217 
9.40336 0.0114139 0.0114139 
11.9108 0.00754576 0.00754576 
14.4183 0.0053989 0.0053989 
16.9258 0.0040063 0.0040063 
19.4332 0.0027582 0.0027582 
21.9407 0.00187691 0.00187691 
24.4482 0.00147199 0.00147199 
26.9556 0.00118141 0.00118141 
29.4631 0.000936868 0.000936868 
31.9706 0.000835242 0.000835242 
34.478 0.000660571 0.000660571 
36.9855 0.000584352 0.000584352 
39.493 0.000438264 0.000438264 
42.0004 0.000360456 0.000360456 
44.5079 0.000320758 0.000320758 
47.0154 0.000315995 0.000315995 
49.5228 0.000209604 0.000209604 
52.0303 0.000184198 0.000184198 
54.5378 0.000131797 0.000131797 
57.0452 0.000134973 0.000134973 
59.5527 9.36868e-05 9.36868e-05 
62.0602 7.46319e-05 7.46319e-05 
64.5676 8.09835e-05 8.09835e-05 
67.0751 8.57473e-05 8.57473e-05 
69.5826 4.60495e-05 4.60495e-05 
72.09 7.14561e-05 7.14561e-05 
74.5975 6.35165e-05 6.35165e-05 
77.105 6.35165e-05 6.35165e-05 
79.6124 3.96978e-05 3.96978e-05 
82.1199 4.44615e-05 4.44615e-05 
84.6274 4.76374e-05 4.76374e-05 
87.1348 2.85824e-05 2.85824e-05 
89.6423 3.17582e-05 3.17582e-05 
92.1498 3.33462e-05 3.33462e-05 
94.6572 3.33462e-05 3.33462e-05 
97.1647 2.85824e-05 2.85824e-05 
99.6722 1.90549e-05 1.90549e-05 
102.18 1.58791e-05 1.58791e-05 
104.687 1.90549e-05 1.90549e-05 
107.195 9.52747e-06 9.52747e-06 
109.702 9.52747e-06 9.52747e-06 
112.209 1.11154e-05 1.11154e-05 
114.717 9.52747e-06 9.52747e-06 
117.224 4.76374e-06 4.76374e-06 
119.732 3.17582e-06 3.17582e-06 
122.239 1.58791e-06 1.58791e-06 
124.747 1.58791e-06 1.58791e-06 
127.254 1.58791e-06 1.58791e-06 
129.762 0 0 
132.269 0 0 
134.777 1.58791e-06 1.58791e-06 
137.284 0 0 
139.792 0 0 
142.299 1.58791e-06 1.58791e-06 
144.807 0 0 
147.314 1.58791e-06 1.58791e-06 
149.821 0 0 
152.329 1.58791e-06 1.58791e-06 
154.836 0 0 
157.344 0 0 
159.851 1.58791e-06 1.58791e-06 




x=mag(U)/U_D 	 PDF 	 dV/Vdx
1.96241 0.0692918 0.0692918 
5.88722 0.0543019 0.0543019 
9.81204 0.0304891 0.0304891 
13.7369 0.0216459 0.0216459 
17.6617 0.0157264 0.0157264 
21.5865 0.0125278 0.0125278 
25.5113 0.00998651 0.00998651 
29.4361 0.00754162 0.00754162 
33.3609 0.00562731 0.00562731 
37.2858 0.0043024 0.0043024 
41.2106 0.00340053 0.00340053 
45.1354 0.00285677 0.00285677 
49.0602 0.00244692 0.00244692 
52.985 0.0020533 0.0020533 
56.9098 0.00171548 0.00171548 
60.8346 0.00149433 0.00149433 
64.7595 0.00123563 0.00123563 
68.6843 0.00103781 0.00103781 
72.6091 0.000832886 0.000832886 
76.5339 0.000661439 0.000661439 
80.4587 0.000586368 0.000586368 
84.3835 0.000541731 0.000541731 
88.3084 0.000468689 0.000468689 
92.2332 0.00044637 0.00044637 
96.158 0.000349995 0.000349995 
100.083 0.000340864 0.000340864 
104.008 0.000289126 0.000289126 
107.932 0.000257677 0.000257677 
111.857 0.000232315 0.000232315 
115.782 0.00021304 0.00021304 
119.707 0.000221156 0.000221156 
123.632 0.000191736 0.000191736 
127.557 0.000154201 0.000154201 
131.481 0.000154201 0.000154201 
135.406 0.000125795 0.000125795 
139.331 0.000107535 0.000107535 
143.256 7.60858e-05 7.60858e-05 
147.181 6.5941e-05 6.5941e-05 
151.105 6.5941e-05 6.5941e-05 
155.03 5.37673e-05 5.37673e-05 
158.955 4.86949e-05 4.86949e-05 
162.88 6.49265e-05 6.49265e-05 
166.805 3.75357e-05 3.75357e-05 
170.729 4.15936e-05 4.15936e-05 
174.654 3.14488e-05 3.14488e-05 
178.579 3.24633e-05 3.24633e-05 
182.504 3.44922e-05 3.44922e-05 
186.429 2.23185e-05 2.23185e-05 
190.354 2.3333e-05 2.3333e-05 
194.278 2.02895e-05 2.02895e-05 
198.203 2.02895e-05 2.02895e-05 
202.128 1.52172e-05 1.52172e-05 
206.053 1.42027e-05 1.42027e-05 
209.978 4.05791e-06 4.05791e-06 
213.902 1.21737e-05 1.21737e-05 
217.827 8.11582e-06 8.11582e-06 
221.752 8.11582e-06 8.11582e-06 
225.677 1.11593e-05 1.11593e-05 
229.602 1.11593e-05 1.11593e-05 
233.527 1.62316e-05 1.62316e-05 
237.451 4.05791e-06 4.05791e-06 
241.376 6.08686e-06 6.08686e-06 
245.301 6.08686e-06 6.08686e-06 
249.226 8.11582e-06 8.11582e-06 
253.151 8.11582e-06 8.11582e-06 
257.075 9.1303e-06 9.1303e-06 
261 6.08686e-06 6.08686e-06 
264.925 5.07239e-06 5.07239e-06 
268.85 5.07239e-06 5.07239e-06 
272.775 5.07239e-06 5.07239e-06 
276.7 4.05791e-06 4.05791e-06 
280.624 4.05791e-06 4.05791e-06 
284.549 6.08686e-06 6.08686e-06 
288.474 4.05791e-06 4.05791e-06 
292.399 5.07239e-06 5.07239e-06 
296.324 2.02895e-06 2.02895e-06 
300.248 3.04343e-06 3.04343e-06 
304.173 1.01448e-06 1.01448e-06 
308.098 2.02895e-06 2.02895e-06 
312.023 4.05791e-06 4.05791e-06 
315.948 4.05791e-06 4.05791e-06 
319.873 3.04343e-06 3.04343e-06 
323.797 3.04343e-06 3.04343e-06 
327.722 1.01448e-06 1.01448e-06 
331.647 3.04343e-06 3.04343e-06 
335.572 2.02895e-06 2.02895e-06 
339.497 5.07239e-06 5.07239e-06 
343.421 2.02895e-06 2.02895e-06 
347.346 2.02895e-06 2.02895e-06 
351.271 0 0 
355.196 4.05791e-06 4.05791e-06 
359.121 3.04343e-06 3.04343e-06 
363.045 3.04343e-06 3.04343e-06 
366.97 3.04343e-06 3.04343e-06 
370.895 6.08686e-06 6.08686e-06 
374.82 2.02895e-06 2.02895e-06 
378.745 4.05791e-06 4.05791e-06 
382.67 3.04343e-06 3.04343e-06 
386.594 3.04343e-06 3.04343e-06 
390.519 4.05791e-06 4.05791e-06 
394.444 1.01448e-06 1.01448e-06 
398.369 1.01448e-06 1.01448e-06 
402.294 3.04343e-06 3.04343e-06 
406.218 0 0 
410.143 0 0 
414.068 1.01448e-06 1.01448e-06 
417.993 2.02895e-06 2.02895e-06 
421.918 2.02895e-06 2.02895e-06 
425.843 0 0 
429.767 0 0 
433.692 2.02895e-06 2.02895e-06 
437.617 1.01448e-06 1.01448e-06 
441.542 0 0 
445.467 1.01448e-06 1.01448e-06 
449.391 0 0 
453.316 3.04343e-06 3.04343e-06 
457.241 0 0 
461.166 2.02895e-06 2.02895e-06 
465.091 3.04343e-06 3.04343e-06 
469.016 3.04343e-06 3.04343e-06 
472.94 0 0 
476.865 1.01448e-06 1.01448e-06 
480.79 0 0 
484.715 0 0 
488.64 2.02895e-06 2.02895e-06 
492.564 0 0 
496.489 2.02895e-06 2.02895e-06 
500.414 3.04343e-06 3.04343e-06 


