ketton_flow_sub4-1-Y/processor0	effPorosity= 0.0758352 		K_y= 4.94306e-15 m^2 		FF_y= 280.566 		DarcyVelocity= 1.93088e-08 m/s 		DelP= 1 Pa 		K: 4.94306e-15 m^2 			K=( 0  4.94306e-15  0 ) Pmax-Pmin: 1.00084 Umax= 4.39547e-05		 effPorosity= V_pore/(L_x*L_y*L_z)= 1.2723e-12/(0.000256*0.000256*0.000256)= 0.0758352		 Re=rho*VDarcy*sqrt(K)/mu= 1000*1.93088e-08*sqrt(4.94306e-15 )/0.001)= 1.35754e-09


x=mag(U)/U_D 	 PDF 	 dV/Vdx 	 PDF(log10(x)) 	 dV/Vd(log10(x))
1.00523e-11 2.41281e+06 2.41281e+06 5.58479e-05 5.58479e-05 
1.30273e-11 0 0 0 0 
1.68827e-11 1.43664e+06 1.43664e+06 5.58479e-05 5.58479e-05 
2.18792e-11 0 0 0 0 
2.83543e-11 0 0 0 0 
3.67458e-11 0 0 0 0 
4.76207e-11 1.52798e+06 1.52798e+06 0.000167544 0.000167544 
6.1714e-11 1.96507e+06 1.96507e+06 0.000279239 0.000279239 
7.99782e-11 606526 606526 0.000111696 0.000111696 
1.03648e-10 936033 936033 0.000223391 0.000223391 
1.34322e-10 180569 180569 5.58479e-05 5.58479e-05 
1.74075e-10 1.11467e+06 1.11467e+06 0.000446783 0.000446783 
2.25592e-10 430058 430058 0.000223391 0.000223391 
2.92356e-10 995543 995543 0.000670174 0.000670174 
3.78879e-10 768196 768196 0.000670174 0.000670174 
4.91008e-10 1.28433e+06 1.28433e+06 0.00145204 0.00145204 
6.36321e-10 1.44843e+06 1.44843e+06 0.00212222 0.00212222 
8.2464e-10 1.00001e+06 1.00001e+06 0.00189883 0.00189883 
1.06869e-09 1.42981e+06 1.42981e+06 0.00351842 0.00351842 
1.38497e-09 1.08578e+06 1.08578e+06 0.00346257 0.00346257 
1.79485e-09 1.40539e+06 1.40539e+06 0.00580818 0.00580818 
2.32604e-09 1.04273e+06 1.04273e+06 0.00558479 0.00558479 
3.01443e-09 1.07013e+06 1.07013e+06 0.00742777 0.00742777 
3.90655e-09 1.16723e+06 1.16723e+06 0.0104994 0.0104994 
5.06269e-09 852766 852766 0.00994092 0.00994092 
6.56099e-09 857649 857649 0.0129567 0.0129567 
8.50271e-09 864323 864323 0.0169219 0.0169219 
1.10191e-08 737378 737378 0.018709 0.018709 
1.42802e-08 584273 584273 0.0192117 0.0192117 
1.85064e-08 555693 555693 0.0236795 0.0236795 
2.39834e-08 489470 489470 0.0270304 0.0270304 
3.10812e-08 410467 410467 0.029376 0.029376 
4.02797e-08 354064 354064 0.0328385 0.0328385 
5.22004e-08 271350 271350 0.0326152 0.0326152 
6.76491e-08 246312 246312 0.0383675 0.0383675 
8.76699e-08 163781 163781 0.0330619 0.0330619 
1.13616e-07 134277 134277 0.0351283 0.0351283 
1.4724e-07 103943 103943 0.03524 0.03524 
1.90816e-07 84527.5 84527.5 0.0371388 0.0371388 
2.47288e-07 63360.8 63360.8 0.0360777 0.0360777 
3.20473e-07 45864.1 45864.1 0.0338438 0.0338438 
4.15316e-07 36850.3 36850.3 0.03524 0.03524 
5.38229e-07 26046.6 26046.6 0.0322801 0.0322801 
6.97517e-07 17490.6 17490.6 0.0280915 0.0280915 
9.03947e-07 12101.1 12101.1 0.0251874 0.0251874 
1.17147e-06 8902.83 8902.83 0.0240146 0.0240146 
1.51817e-06 5783.36 5783.36 0.0202169 0.0202169 
1.96747e-06 4943.42 4943.42 0.022395 0.022395 
2.54974e-06 3491.09 3491.09 0.0204962 0.0204962 
3.30433e-06 2363.54 2363.54 0.017983 0.017983 
4.28225e-06 2220.27 2220.27 0.0218924 0.0218924 
5.54958e-06 1394.19 1394.19 0.0178155 0.0178155 
7.19197e-06 1129.76 1129.76 0.018709 0.018709 
9.32043e-06 804.106 804.106 0.017257 0.017257 
1.20788e-05 638.549 638.549 0.0177596 0.0177596 
1.56535e-05 514.419 514.419 0.0185415 0.0185415 
2.02862e-05 392.161 392.161 0.0183181 0.0183181 
2.62899e-05 295.225 295.225 0.0178713 0.0178713 
3.40703e-05 204.313 204.313 0.0160283 0.0160283 
4.41534e-05 147.218 147.218 0.0149672 0.0149672 
5.72206e-05 113.175 113.175 0.0149114 0.0149114 
7.41551e-05 90.9274 90.9274 0.0155257 0.0155257 
9.61012e-05 75.7152 75.7152 0.0167544 0.0167544 
0.000124542 59.9825 59.9825 0.0172011 0.0172011 
0.000161401 53.6481 53.6481 0.0199377 0.0199377 
0.000209167 39.0776 39.0776 0.0188207 0.0188207 
0.00027107 31.7642 31.7642 0.019826 0.019826 
0.000351293 25.2698 25.2698 0.0204403 0.0204403 
0.000455258 21.3638 21.3638 0.022395 0.022395 
0.000589991 18.0472 18.0472 0.0245172 0.0245172 
0.000764599 14.9092 14.9092 0.0262485 0.0262485 
0.000990882 11.5779 11.5779 0.026416 0.026416 
0.00128413 10.0105 10.0105 0.0295994 0.0295994 
0.00166417 8.83213 8.83213 0.0338438 0.0338438 
0.00215668 7.97354 7.97354 0.0395961 0.0395961 
0.00279495 6.5692 6.5692 0.0422768 0.0422768 
0.00362212 5.31679 5.31679 0.0443432 0.0443432 
0.00469408 4.70716 4.70716 0.0508774 0.0508774 
0.00608329 4.05085 4.05085 0.0567414 0.0567414 
0.00788364 3.39651 3.39651 0.061656 0.061656 
0.0102168 2.97222 2.97222 0.0699215 0.0699215 
0.0132404 2.40704 2.40704 0.0733841 0.0733841 
0.017159 1.99588 1.99588 0.0788572 0.0788572 
0.0222371 1.63389 1.63389 0.0836601 0.0836601 
0.0288182 1.33147 1.33147 0.0883513 0.0883513 
0.0373469 1.08326 1.08326 0.0931542 0.0931542 
0.0483998 0.908543 0.908543 0.101252 0.101252 
0.0627236 0.726972 0.726972 0.104994 0.104994 
0.0812867 0.619141 0.619141 0.115884 0.115884 
0.105343 0.462325 0.462325 0.112143 0.112143 
0.13652 0.341289 0.341289 0.107284 0.107284 
0.176923 0.28364 0.28364 0.115549 0.115549 
0.229283 0.233147 0.233147 0.123089 0.123089 
0.297139 0.193945 0.193945 0.132695 0.132695 
0.385077 0.162 0.162 0.143641 0.143641 
0.499041 0.129087 0.129087 0.148332 0.148332 
0.646732 0.0927076 0.0927076 0.138056 0.138056 
0.838132 0.0739962 0.0739962 0.142803 0.142803 
1.08618 0.0644893 0.0644893 0.161289 0.161289 
1.40763 0.0508822 0.0508822 0.164919 0.164919 
1.82422 0.0437698 0.0437698 0.183851 0.183851 
2.36409 0.0340718 0.0340718 0.185471 0.185471 
3.06375 0.030368 0.030368 0.214232 0.214232 
3.97046 0.0251679 0.0251679 0.230093 0.230093 
5.14552 0.0206319 0.0206319 0.244446 0.244446 
6.66833 0.0163458 0.0163458 0.25098 0.25098 
8.64182 0.013135 0.013135 0.261368 0.261368 
11.1994 0.0105123 0.0105123 0.271086 0.271086 
14.5138 0.00807322 0.00807322 0.269801 0.269801 
18.8092 0.0067544 0.0067544 0.292531 0.292531 
24.3757 0.00544676 0.00544676 0.305711 0.305711 
31.5897 0.00450005 0.00450005 0.327324 0.327324 
40.9387 0.00354053 0.00354053 0.333747 0.333747 
53.0544 0.00268674 0.00268674 0.328218 0.328218 
68.7559 0.00188516 0.00188516 0.298451 0.298451 
89.1042 0.00116231 0.00116231 0.23847 0.23847 
115.474 0.00076161 0.00076161 0.202504 0.202504 
149.649 0.000484119 0.000484119 0.166818 0.166818 
193.938 0.000277765 0.000277765 0.124038 0.124038 
251.333 0.000166082 0.000166082 0.0961142 0.0961142 
325.716 0.000100155 0.000100155 0.0751154 0.0751154 
422.111 6.41826e-05 6.41826e-05 0.0623821 0.0623821 
547.034 3.56478e-05 3.56478e-05 0.0449017 0.0449017 
708.929 1.66958e-05 1.66958e-05 0.0272538 0.0272538 
918.736 5.01596e-06 5.01596e-06 0.0106111 0.0106111 
1190.64 2.93342e-06 2.93342e-06 0.00804209 0.00804209 
1543 1.02173e-06 1.02173e-06 0.00363011 0.00363011 
1999.66 3.5175e-07 3.5175e-07 0.00161959 0.00161959 




x=U_x/U_D 	 PDF 	 dV/Vdx
-671.051 2.75187e-07 2.75187e-07 
-648.202 0 0 
-625.353 8.25562e-07 8.25562e-07 
-602.504 1.37594e-06 1.37594e-06 
-579.654 1.10075e-06 1.10075e-06 
-556.805 1.37594e-06 1.37594e-06 
-533.956 1.65112e-06 1.65112e-06 
-511.107 1.37594e-06 1.37594e-06 
-488.258 3.02706e-06 3.02706e-06 
-465.408 3.57744e-06 3.57744e-06 
-442.559 1.92631e-06 1.92631e-06 
-419.71 4.403e-06 4.403e-06 
-396.861 4.403e-06 4.403e-06 
-374.012 4.403e-06 4.403e-06 
-351.163 7.15487e-06 7.15487e-06 
-328.313 7.43006e-06 7.43006e-06 
-305.464 1.34842e-05 1.34842e-05 
-282.615 1.87127e-05 1.87127e-05 
-259.766 2.42165e-05 2.42165e-05 
-236.917 3.10962e-05 3.10962e-05 
-214.068 3.63247e-05 3.63247e-05 
-191.218 4.95337e-05 4.95337e-05 
-168.369 5.44871e-05 5.44871e-05 
-145.52 7.18239e-05 7.18239e-05 
-122.671 0.000119431 0.000119431 
-99.8217 0.000169791 0.000169791 
-76.9725 0.000338205 0.000338205 
-54.1233 0.000590002 0.000590002 
-31.2742 0.00101241 0.00101241 
-8.42499 0.00324556 0.00324556 
14.4242 0.0339163 0.0339163 
37.2734 0.00189246 0.00189246 
60.1225 0.0007342 0.0007342 
82.9717 0.00041856 0.00041856 
105.821 0.000262254 0.000262254 
128.67 0.000191806 0.000191806 
151.519 0.000116129 0.000116129 
174.368 7.65021e-05 7.65021e-05 
197.218 5.2836e-05 5.2836e-05 
220.067 4.43052e-05 4.43052e-05 
242.916 3.82511e-05 3.82511e-05 
265.765 2.72436e-05 2.72436e-05 
288.614 2.14646e-05 2.14646e-05 
311.463 2.11894e-05 2.11894e-05 
334.313 1.40346e-05 1.40346e-05 
357.162 1.3209e-05 1.3209e-05 
380.011 1.04571e-05 1.04571e-05 
402.86 7.98044e-06 7.98044e-06 
425.709 1.10075e-05 1.10075e-05 
448.558 9.35637e-06 9.35637e-06 
471.408 4.67819e-06 4.67819e-06 
494.257 6.6045e-06 6.6045e-06 
517.106 6.05412e-06 6.05412e-06 
539.955 5.22856e-06 5.22856e-06 
562.804 3.30225e-06 3.30225e-06 
585.654 2.75187e-06 2.75187e-06 
608.503 1.92631e-06 1.92631e-06 
631.352 2.47669e-06 2.47669e-06 
654.201 5.50375e-07 5.50375e-07 
677.05 1.92631e-06 1.92631e-06 
699.899 2.2015e-06 2.2015e-06 
722.749 1.10075e-06 1.10075e-06 
745.598 1.10075e-06 1.10075e-06 
768.447 8.25562e-07 8.25562e-07 
791.296 8.25562e-07 8.25562e-07 
814.145 5.50375e-07 5.50375e-07 
836.994 5.50375e-07 5.50375e-07 
859.844 5.50375e-07 5.50375e-07 
882.693 5.50375e-07 5.50375e-07 
905.542 1.10075e-06 1.10075e-06 
928.391 1.37594e-06 1.37594e-06 
951.24 5.50375e-07 5.50375e-07 
974.09 1.37594e-06 1.37594e-06 
996.939 2.75187e-07 2.75187e-07 
1019.79 5.50375e-07 5.50375e-07 
1042.64 8.25562e-07 8.25562e-07 
1065.49 1.92631e-06 1.92631e-06 
1088.34 8.25562e-07 8.25562e-07 
1111.18 1.10075e-06 1.10075e-06 
1134.03 1.37594e-06 1.37594e-06 
1156.88 2.75187e-07 2.75187e-07 
1179.73 5.50375e-07 5.50375e-07 
1202.58 8.25562e-07 8.25562e-07 
1225.43 8.25562e-07 8.25562e-07 
1248.28 8.25562e-07 8.25562e-07 
1271.13 0 0 
1293.98 2.75187e-07 2.75187e-07 
1316.83 0 0 
1339.68 2.75187e-07 2.75187e-07 
1362.53 2.75187e-07 2.75187e-07 
1385.37 2.75187e-07 2.75187e-07 
1408.22 0 0 
1431.07 2.75187e-07 2.75187e-07 
1453.92 2.75187e-07 2.75187e-07 
1476.77 2.75187e-07 2.75187e-07 
1499.62 0 0 
1522.47 8.25562e-07 8.25562e-07 
1545.32 0 0 
1568.17 0 0 
1591.02 2.75187e-07 2.75187e-07 
1613.87 0 0 
1636.72 2.75187e-07 2.75187e-07 
1659.56 0 0 
1682.41 0 0 
1705.26 2.75187e-07 2.75187e-07 
1728.11 2.75187e-07 2.75187e-07 
1750.96 2.75187e-07 2.75187e-07 
1773.81 2.75187e-07 2.75187e-07 
1796.66 2.75187e-07 2.75187e-07 
1819.51 5.50375e-07 5.50375e-07 
1842.36 0 0 
1865.21 5.50375e-07 5.50375e-07 
1888.06 2.75187e-07 2.75187e-07 
1910.91 5.50375e-07 5.50375e-07 
1933.75 5.50375e-07 5.50375e-07 
1956.6 0 0 
1979.45 0 0 
2002.3 5.50375e-07 5.50375e-07 
2025.15 0 0 
2048 0 0 
2070.85 0 0 
2093.7 0 0 
2116.55 0 0 
2139.4 0 0 
2162.25 0 0 
2185.1 0 0 
2207.94 0 0 
2230.79 2.75187e-07 2.75187e-07 




x=U_y/U_D 	 PDF 	 dV/Vdx
-389.748 3.95907e-07 3.95907e-07 
-373.866 0 0 
-357.984 0 0 
-342.102 3.95907e-07 3.95907e-07 
-326.22 3.95907e-07 3.95907e-07 
-310.338 0 0 
-294.456 3.95907e-07 3.95907e-07 
-278.574 0 0 
-262.692 7.91814e-07 7.91814e-07 
-246.81 0 0 
-230.928 7.91814e-07 7.91814e-07 
-215.046 1.97954e-06 1.97954e-06 
-199.164 1.58363e-06 1.58363e-06 
-183.282 1.18772e-06 1.18772e-06 
-167.4 2.37544e-06 2.37544e-06 
-151.518 4.35498e-06 4.35498e-06 
-135.636 9.89768e-06 9.89768e-06 
-119.754 1.74199e-05 1.74199e-05 
-103.872 1.90035e-05 1.90035e-05 
-87.9898 5.26557e-05 5.26557e-05 
-72.1078 9.50177e-05 9.50177e-05 
-56.2258 0.00014609 0.00014609 
-40.3438 0.000218541 0.000218541 
-24.4617 0.000443812 0.000443812 
-8.57973 0.00109864 0.00109864 
7.30229 0.0418882 0.0418882 
23.1843 0.00784411 0.00784411 
39.0663 0.00364987 0.00364987 
54.9483 0.00228636 0.00228636 
70.8304 0.00128709 0.00128709 
86.7124 0.000785876 0.000785876 
102.594 0.00055427 0.00055427 
118.476 0.000408972 0.000408972 
134.358 0.000306036 0.000306036 
150.24 0.000256944 0.000256944 
166.122 0.000182513 0.000182513 
182.004 0.000136192 0.000136192 
197.887 0.000118772 0.000118772 
213.769 0.000116397 0.000116397 
229.651 9.85809e-05 9.85809e-05 
245.533 8.59119e-05 8.59119e-05 
261.415 8.70996e-05 8.70996e-05 
277.297 7.28469e-05 7.28469e-05 
293.179 7.00756e-05 7.00756e-05 
309.061 6.09697e-05 6.09697e-05 
324.943 5.50311e-05 5.50311e-05 
340.825 5.14679e-05 5.14679e-05 
356.707 4.07784e-05 4.07784e-05 
372.589 4.35498e-05 4.35498e-05 
388.471 3.16726e-05 3.16726e-05 
404.353 3.12767e-05 3.12767e-05 
420.235 2.65258e-05 2.65258e-05 
436.117 2.5734e-05 2.5734e-05 
451.999 2.21708e-05 2.21708e-05 
467.881 2.49422e-05 2.49422e-05 
483.763 1.34608e-05 1.34608e-05 
499.645 1.34608e-05 1.34608e-05 
515.527 1.18772e-05 1.18772e-05 
531.409 1.50445e-05 1.50445e-05 
547.291 9.10587e-06 9.10587e-06 
563.173 1.06895e-05 1.06895e-05 
579.055 7.52224e-06 7.52224e-06 
594.937 5.5427e-06 5.5427e-06 
610.819 7.12633e-06 7.12633e-06 
626.701 7.52224e-06 7.52224e-06 
642.583 3.56316e-06 3.56316e-06 
658.465 5.5427e-06 5.5427e-06 
674.347 5.14679e-06 5.14679e-06 
690.229 4.75089e-06 4.75089e-06 
706.111 3.16726e-06 3.16726e-06 
721.993 2.77135e-06 2.77135e-06 
737.875 3.95907e-06 3.95907e-06 
753.757 3.95907e-06 3.95907e-06 
769.639 2.37544e-06 2.37544e-06 
785.521 4.75089e-06 4.75089e-06 
801.403 3.16726e-06 3.16726e-06 
817.285 7.91814e-07 7.91814e-07 
833.167 1.58363e-06 1.58363e-06 
849.049 2.77135e-06 2.77135e-06 
864.931 3.95907e-06 3.95907e-06 
880.813 1.97954e-06 1.97954e-06 
896.695 2.37544e-06 2.37544e-06 
912.577 2.37544e-06 2.37544e-06 
928.459 2.37544e-06 2.37544e-06 
944.341 1.97954e-06 1.97954e-06 
960.223 1.97954e-06 1.97954e-06 
976.105 3.16726e-06 3.16726e-06 
991.987 3.95907e-07 3.95907e-07 
1007.87 7.91814e-07 7.91814e-07 
1023.75 1.58363e-06 1.58363e-06 
1039.63 1.58363e-06 1.58363e-06 
1055.52 2.37544e-06 2.37544e-06 
1071.4 3.95907e-07 3.95907e-07 
1087.28 1.18772e-06 1.18772e-06 
1103.16 1.18772e-06 1.18772e-06 
1119.04 1.97954e-06 1.97954e-06 
1134.93 1.58363e-06 1.58363e-06 
1150.81 7.91814e-07 7.91814e-07 
1166.69 1.58363e-06 1.58363e-06 
1182.57 1.58363e-06 1.58363e-06 
1198.45 7.91814e-07 7.91814e-07 
1214.34 7.91814e-07 7.91814e-07 
1230.22 3.95907e-07 3.95907e-07 
1246.1 3.95907e-07 3.95907e-07 
1261.98 0 0 
1277.86 7.91814e-07 7.91814e-07 
1293.75 3.95907e-07 3.95907e-07 
1309.63 0 0 
1325.51 1.18772e-06 1.18772e-06 
1341.39 0 0 
1357.27 0 0 
1373.16 1.18772e-06 1.18772e-06 
1389.04 3.95907e-07 3.95907e-07 
1404.92 1.18772e-06 1.18772e-06 
1420.8 3.95907e-07 3.95907e-07 
1436.68 3.95907e-07 3.95907e-07 
1452.57 7.91814e-07 7.91814e-07 
1468.45 3.95907e-07 3.95907e-07 
1484.33 0 0 
1500.21 3.95907e-07 3.95907e-07 
1516.09 3.95907e-07 3.95907e-07 
1531.98 0 0 
1547.86 0 0 
1563.74 0 0 
1579.62 0 0 
1595.5 3.95907e-07 3.95907e-07 
1611.39 0 0 
1627.27 7.91814e-07 7.91814e-07 




x=U_z/U_D 	 PDF 	 dV/Vdx
-981.995 4.19517e-07 4.19517e-07 
-967.007 0 0 
-952.019 0 0 
-937.031 0 0 
-922.043 4.19517e-07 4.19517e-07 
-907.054 0 0 
-892.066 0 0 
-877.078 0 0 
-862.09 0 0 
-847.101 0 0 
-832.113 4.19517e-07 4.19517e-07 
-817.125 0 0 
-802.137 0 0 
-787.149 0 0 
-772.16 0 0 
-757.172 0 0 
-742.184 4.19517e-07 4.19517e-07 
-727.196 0 0 
-712.208 0 0 
-697.219 8.39033e-07 8.39033e-07 
-682.231 4.19517e-07 4.19517e-07 
-667.243 4.19517e-07 4.19517e-07 
-652.255 0 0 
-637.267 8.39033e-07 8.39033e-07 
-622.278 2.5171e-06 2.5171e-06 
-607.29 4.19517e-07 4.19517e-07 
-592.302 1.25855e-06 1.25855e-06 
-577.314 3.77565e-06 3.77565e-06 
-562.325 5.45372e-06 5.45372e-06 
-547.337 7.5513e-06 7.5513e-06 
-532.349 9.64888e-06 9.64888e-06 
-517.361 1.00684e-05 1.00684e-05 
-502.373 1.00684e-05 1.00684e-05 
-487.384 6.29275e-06 6.29275e-06 
-472.396 7.97082e-06 7.97082e-06 
-457.408 1.34245e-05 1.34245e-05 
-442.42 1.42636e-05 1.42636e-05 
-427.432 1.38441e-05 1.38441e-05 
-412.443 1.42636e-05 1.42636e-05 
-397.455 1.63612e-05 1.63612e-05 
-382.467 1.72002e-05 1.72002e-05 
-367.479 2.26539e-05 2.26539e-05 
-352.491 2.18149e-05 2.18149e-05 
-337.502 2.55905e-05 2.55905e-05 
-322.514 3.18833e-05 3.18833e-05 
-307.526 3.69175e-05 3.69175e-05 
-292.538 3.56589e-05 3.56589e-05 
-277.549 3.90151e-05 3.90151e-05 
-262.561 4.78249e-05 4.78249e-05 
-247.573 4.53078e-05 4.53078e-05 
-232.585 4.86639e-05 4.86639e-05 
-217.597 7.80301e-05 7.80301e-05 
-202.608 6.50251e-05 6.50251e-05 
-187.62 8.34838e-05 8.34838e-05 
-172.632 9.69084e-05 9.69084e-05 
-157.644 9.77474e-05 9.77474e-05 
-142.656 9.43913e-05 9.43913e-05 
-127.667 0.000123338 0.000123338 
-112.679 0.000160255 0.000160255 
-97.6909 0.000181651 0.000181651 
-82.7027 0.000218988 0.000218988 
-67.7145 0.000290306 0.000290306 
-52.7263 0.000383019 0.000383019 
-37.7381 0.000573899 0.000573899 
-22.7498 0.00113228 0.00113228 
-7.76164 0.00329237 0.00329237 
7.22658 0.0498575 0.0498575 
22.2148 0.00483367 0.00483367 
37.203 0.00185426 0.00185426 
52.1912 0.000895668 0.000895668 
67.1794 0.000521459 0.000521459 
82.1676 0.000350716 0.000350716 
97.1558 0.000254227 0.000254227 
112.144 0.000193817 0.000193817 
127.132 0.000134245 0.000134245 
142.12 9.06156e-05 9.06156e-05 
157.109 7.04788e-05 7.04788e-05 
172.097 5.41177e-05 5.41177e-05 
187.085 3.56589e-05 3.56589e-05 
202.073 3.56589e-05 3.56589e-05 
217.062 2.30734e-05 2.30734e-05 
232.05 1.80392e-05 1.80392e-05 
247.038 1.3005e-05 1.3005e-05 
262.026 9.64888e-06 9.64888e-06 
277.014 9.22937e-06 9.22937e-06 
292.003 8.39033e-06 8.39033e-06 
306.991 8.80985e-06 8.80985e-06 
321.979 5.87323e-06 5.87323e-06 
336.967 9.22937e-06 9.22937e-06 
351.955 2.93662e-06 2.93662e-06 
366.944 3.77565e-06 3.77565e-06 
381.932 5.45372e-06 5.45372e-06 
396.92 2.5171e-06 2.5171e-06 
411.908 2.5171e-06 2.5171e-06 
426.897 2.09758e-06 2.09758e-06 
441.885 4.19517e-06 4.19517e-06 
456.873 2.93662e-06 2.93662e-06 
471.861 2.5171e-06 2.5171e-06 
486.849 2.09758e-06 2.09758e-06 
501.838 1.25855e-06 1.25855e-06 
516.826 1.25855e-06 1.25855e-06 
531.814 1.67807e-06 1.67807e-06 
546.802 2.93662e-06 2.93662e-06 
561.79 1.67807e-06 1.67807e-06 
576.779 4.19517e-07 4.19517e-07 
591.767 4.19517e-07 4.19517e-07 
606.755 4.19517e-07 4.19517e-07 
621.743 4.19517e-07 4.19517e-07 
636.731 0 0 
651.72 8.39033e-07 8.39033e-07 
666.708 4.19517e-07 4.19517e-07 
681.696 4.19517e-07 4.19517e-07 
696.684 0 0 
711.673 8.39033e-07 8.39033e-07 
726.661 4.19517e-07 4.19517e-07 
741.649 0 0 
756.637 0 0 
771.625 0 0 
786.614 0 0 
801.602 0 0 
816.59 0 0 
831.578 0 0 
846.566 0 0 
861.555 0 0 
876.543 0 0 
891.531 1.25855e-06 1.25855e-06 
906.519 0 0 
921.507 4.19517e-07 4.19517e-07 




x=mag(U)/U_D 	 PDF 	 dV/Vdx
8.8922 0.034341 0.034341 
26.6766 0.00772028 0.00772028 
44.461 0.00411505 0.00411505 
62.2454 0.00265698 0.00265698 
80.0298 0.00158641 0.00158641 
97.8142 0.00107658 0.00107658 
115.599 0.000810353 0.000810353 
133.383 0.000607058 0.000607058 
151.167 0.000475181 0.000475181 
168.952 0.000386085 0.000386085 
186.736 0.000267996 0.000267996 
204.521 0.000236883 0.000236883 
222.305 0.000189507 0.000189507 
240.089 0.000179254 0.000179254 
257.874 0.000154858 0.000154858 
275.658 0.000119856 0.000119856 
293.443 0.000110663 0.000110663 
311.227 0.000106774 0.000106774 
329.011 9.86425e-05 9.86425e-05 
346.796 9.05107e-05 9.05107e-05 
364.58 8.13182e-05 8.13182e-05 
382.365 6.68223e-05 6.68223e-05 
400.149 6.7883e-05 6.7883e-05 
417.933 6.39939e-05 6.39939e-05 
435.718 4.80838e-05 4.80838e-05 
453.502 5.05587e-05 5.05587e-05 
471.287 4.77302e-05 4.77302e-05 
489.071 3.71235e-05 3.71235e-05 
506.855 3.74771e-05 3.74771e-05 
524.64 3.64164e-05 3.64164e-05 
542.424 3.00524e-05 3.00524e-05 
560.209 3.1113e-05 3.1113e-05 
577.993 2.82846e-05 2.82846e-05 
595.777 2.26277e-05 2.26277e-05 
613.562 2.4749e-05 2.4749e-05 
631.346 1.69708e-05 1.69708e-05 
649.131 1.48494e-05 1.48494e-05 
666.915 1.34352e-05 1.34352e-05 
684.699 1.41423e-05 1.41423e-05 
702.484 1.09603e-05 1.09603e-05 
720.268 1.09603e-05 1.09603e-05 
738.053 7.07115e-06 7.07115e-06 
755.837 9.54605e-06 9.54605e-06 
773.621 7.07115e-06 7.07115e-06 
791.406 3.88913e-06 3.88913e-06 
809.19 6.01048e-06 6.01048e-06 
826.975 4.9498e-06 4.9498e-06 
844.759 2.12134e-06 2.12134e-06 
862.543 5.30336e-06 5.30336e-06 
880.328 3.18202e-06 3.18202e-06 
898.112 6.01048e-06 6.01048e-06 
915.897 3.53557e-06 3.53557e-06 
933.681 3.18202e-06 3.18202e-06 
951.465 4.9498e-06 4.9498e-06 
969.25 4.9498e-06 4.9498e-06 
987.034 3.18202e-06 3.18202e-06 
1004.82 4.24269e-06 4.24269e-06 
1022.6 2.82846e-06 2.82846e-06 
1040.39 2.4749e-06 2.4749e-06 
1058.17 5.30336e-06 5.30336e-06 
1075.96 3.18202e-06 3.18202e-06 
1093.74 2.82846e-06 2.82846e-06 
1111.52 3.53557e-06 3.53557e-06 
1129.31 4.24269e-06 4.24269e-06 
1147.09 2.12134e-06 2.12134e-06 
1164.88 3.18202e-06 3.18202e-06 
1182.66 1.06067e-06 1.06067e-06 
1200.45 1.41423e-06 1.41423e-06 
1218.23 1.76779e-06 1.76779e-06 
1236.02 2.82846e-06 2.82846e-06 
1253.8 1.76779e-06 1.76779e-06 
1271.58 1.76779e-06 1.76779e-06 
1289.37 1.06067e-06 1.06067e-06 
1307.15 1.06067e-06 1.06067e-06 
1324.94 1.06067e-06 1.06067e-06 
1342.72 1.06067e-06 1.06067e-06 
1360.51 1.06067e-06 1.06067e-06 
1378.29 0 0 
1396.08 3.53557e-07 3.53557e-07 
1413.86 0 0 
1431.64 3.53557e-07 3.53557e-07 
1449.43 1.06067e-06 1.06067e-06 
1467.21 7.07115e-07 7.07115e-07 
1485 1.06067e-06 1.06067e-06 
1502.78 1.41423e-06 1.41423e-06 
1520.57 1.41423e-06 1.41423e-06 
1538.35 1.41423e-06 1.41423e-06 
1556.13 7.07115e-07 7.07115e-07 
1573.92 3.53557e-07 3.53557e-07 
1591.7 0 0 
1609.49 1.41423e-06 1.41423e-06 
1627.27 3.53557e-07 3.53557e-07 
1645.06 3.53557e-07 3.53557e-07 
1662.84 3.53557e-07 3.53557e-07 
1680.63 7.07115e-07 7.07115e-07 
1698.41 0 0 
1716.19 7.07115e-07 7.07115e-07 
1733.98 0 0 
1751.76 7.07115e-07 7.07115e-07 
1769.55 3.53557e-07 3.53557e-07 
1787.33 0 0 
1805.12 0 0 
1822.9 1.06067e-06 1.06067e-06 
1840.69 0 0 
1858.47 1.06067e-06 1.06067e-06 
1876.25 0 0 
1894.04 0 0 
1911.82 7.07115e-07 7.07115e-07 
1929.61 7.07115e-07 7.07115e-07 
1947.39 0 0 
1965.18 0 0 
1982.96 0 0 
2000.74 1.06067e-06 1.06067e-06 
2018.53 0 0 
2036.31 0 0 
2054.1 0 0 
2071.88 0 0 
2089.67 0 0 
2107.45 0 0 
2125.24 0 0 
2143.02 0 0 
2160.8 0 0 
2178.59 0 0 
2196.37 0 0 
2214.16 0 0 
2231.94 0 0 
2249.73 0 0 
2267.51 3.53557e-07 3.53557e-07 


